,Error,Energy,Iteration,Cost,Method,Architecture,Volume,SD
0,0.20231187667029693,0.5392533661803887,0,0.0,FlexiBO+GP-Log,BERT-SQuAD,0.6324678823379564,0.004945632821320037
1,0.2275242869558248,0.2676701853885295,1,0.0,FlexiBO+GP-Log,BERT-SQuAD,0.42267647110495976,0.006995959661321845
2,0.33416996734998305,0.5286732665457828,2,0.0,FlexiBO+GP-Log,BERT-SQuAD,0.42267647110495976,0.009428019289197934
3,0.340291024305286,0.30980096875850394,3,0.0,FlexiBO+GP-Log,BERT-SQuAD,0.42267647110495976,0.005434965791497754
4,0.2793710886466043,0.3586308687068717,4,0.0,FlexiBO+GP-Log,BERT-SQuAD,0.42267647110495976,0.009963782156646877
5,0.27066336727498,0.4030312490007423,5,0.0,FlexiBO+GP-Log,BERT-SQuAD,0.42267647110495976,0.000779720734311865
6,0.4062313036710086,0.4187809191571316,6,0.0,FlexiBO+GP-Log,BERT-SQuAD,0.42267647110495976,0.00960998462115921
7,0.35027160250737177,0.38020248442202265,7,0.0,FlexiBO+GP-Log,BERT-SQuAD,0.42267647110495976,0.009244007099480906
8,0.30192392162881143,0.4207581278489541,8,0.0,FlexiBO+GP-Log,BERT-SQuAD,0.42267647110495976,0.002224041672063083
9,0.5437006298309562,0.471106282887861,9,21.4,FlexiBO+GP-Log,BERT-SQuAD,0.42267647110495976,0.006054464484789356
10,0.2635089355085369,0.4223579781239198,10,0.0,FlexiBO+GP-Log,BERT-SQuAD,0.42267647110495976,0.00938014343221367
11,0.34712743634746746,0.19412205831630386,11,0.0,FlexiBO+GP-Log,BERT-SQuAD,0.37465891683147357,0.009203921431060967
12,0.5260014306738832,0.1085040717723306,12,0.0,FlexiBO+GP-Log,BERT-SQuAD,0.3340761137010475,0.0016597853730419977
13,0.481715990824807,0.16598478241795356,13,0.0,FlexiBO+GP-Log,BERT-SQuAD,0.3328300420617343,0.003518665327721384
14,0.24213446285225634,0.4247054081207686,14,0.0,FlexiBO+GP-Log,BERT-SQuAD,0.3328300420617343,0.0026596846409793983
15,0.317430560167067,0.29905474250026165,15,0.0,FlexiBO+GP-Log,BERT-SQuAD,0.3328300420617343,0.006492885897804891
16,0.5104849881711735,0.2591983508339324,16,0.0,FlexiBO+GP-Log,BERT-SQuAD,0.3328300420617343,0.0018674547001461606
17,0.2142574039461903,0.4372648422210239,17,0.0,FlexiBO+GP-Log,BERT-SQuAD,0.33147697224604,0.004273505692737577
18,0.3632180680737597,0.3349143133818347,18,0.0,FlexiBO+GP-Log,BERT-SQuAD,0.33147697224604,0.004047814621064491
19,0.3967199247307336,0.4953095954644837,19,0.0,FlexiBO+GP-Log,BERT-SQuAD,0.3314769722460401,0.004528009200092183
20,0.3826319688823144,0.2579656069562621,20,0.0,FlexiBO+GP-Log,BERT-SQuAD,0.3314769722460401,0.008934226952018063
21,0.2616797762174825,0.4679124006267477,21,0.0,FlexiBO+GP-Log,BERT-SQuAD,0.3314769722460401,0.0017494197746095608
22,0.4841486567438717,0.39280952466296304,22,0.0,FlexiBO+GP-Log,BERT-SQuAD,0.33147697224604,0.006538309082530434
23,0.3665296674894711,0.511823053440338,23,0.0,FlexiBO+GP-Log,BERT-SQuAD,0.33147697224604,0.007957624429749892
24,0.40090700854273,0.20843145117876505,24,0.0,FlexiBO+GP-Log,BERT-SQuAD,0.33147697224604,0.008334130969914037
25,0.24955265038082425,0.5739734454944799,25,0.0,FlexiBO+GP-Log,BERT-SQuAD,0.33147697224604,0.00881305521040461
26,0.20855589061825894,0.23860671094121,26,21.4,FlexiBO+GP-Log,BERT-SQuAD,0.32365117407143096,0.009708435437208802
27,0.34257253269430804,0.4905792934262837,27,0.0,FlexiBO+GP-Log,BERT-SQuAD,0.32365117407143096,0.00714421528986148
28,0.43332214975658,0.08536663690922651,28,0.0,FlexiBO+GP-Log,BERT-SQuAD,0.30385076043589043,0.003104014036225451
29,0.5491103491893258,0.3139171286655616,29,0.0,FlexiBO+GP-Log,BERT-SQuAD,0.30385076043589043,0.0073741009399979915
30,0.4489483052193731,0.5083079505997776,30,0.0,FlexiBO+GP-Log,BERT-SQuAD,0.30385076043589043,0.0064075372826502995
31,0.5285464316914115,0.14408405232573113,31,0.0,FlexiBO+GP-Log,BERT-SQuAD,0.30385076043589043,0.005164491803287251
32,0.2361438024261496,0.484175499486639,32,0.0,FlexiBO+GP-Log,BERT-SQuAD,0.30385076043589043,0.004166112888939803
33,0.18437823407873385,0.25074591693695303,33,0.0,FlexiBO+GP-Log,BERT-SQuAD,0.2886124609628016,0.005054431833702037
34,0.32765452067753553,0.5465887021280698,34,21.4,FlexiBO+GP-Log,BERT-SQuAD,0.2886124609628016,8.434297013368508e-05
35,0.2642466878169858,0.31701454529520423,35,0.0,FlexiBO+GP-Log,BERT-SQuAD,0.2886124609628016,0.008428168445611119
36,0.221534383739999,0.214303832473525,36,0.0,FlexiBO+GP-Log,BERT-SQuAD,0.28556018826889673,0.003279593975001428
37,0.332102415648708,0.4321456954934216,37,0.0,FlexiBO+GP-Log,BERT-SQuAD,0.28556018826889673,0.008965456160761703
38,0.4443911048784122,0.2657061812153856,38,0.0,FlexiBO+GP-Log,BERT-SQuAD,0.28556018826889673,0.006324468374316939
39,0.18950985441749404,0.366337664282248,39,0.0,FlexiBO+GP-Log,BERT-SQuAD,0.28556018826889673,0.007053200341943416
40,0.473056735043358,0.3802489342754327,40,21.4,FlexiBO+GP-Log,BERT-SQuAD,0.28556018826889673,1.8159492536251598e-05
41,0.2828902159298019,0.323424440625575,41,21.4,FlexiBO+GP-Log,BERT-SQuAD,0.28556018826889673,0.0007973978597221299
42,0.43923638323125375,0.245881239661222,42,0.0,FlexiBO+GP-Log,BERT-SQuAD,0.28556018826889673,0.005016074961581196
43,0.3318835352236774,0.5300587579010134,43,21.4,FlexiBO+GP-Log,BERT-SQuAD,0.28556018826889673,0.0013061162715255637
44,0.4493437130560968,0.1404401252711659,44,0.0,FlexiBO+GP-Log,BERT-SQuAD,0.28556018826889673,0.003672863450044609
45,0.21502760216361624,0.4339181844538455,45,21.4,FlexiBO+GP-Log,BERT-SQuAD,0.28556018826889673,0.009274391506732189
46,0.33947154786012645,0.3783996718137277,46,0.0,FlexiBO+GP-Log,BERT-SQuAD,0.28556018826889673,0.0017801502096044097
47,0.3756486025030945,0.09003659510368595,47,0.0,FlexiBO+GP-Log,BERT-SQuAD,0.27955721038790293,0.00679930403266234
48,0.5443648880461679,0.3622110672419521,48,21.4,FlexiBO+GP-Log,BERT-SQuAD,0.27955721038790293,0.003822432495256981
49,0.3510256125945046,0.4505935817990806,49,21.4,FlexiBO+GP-Log,BERT-SQuAD,0.27955721038790293,0.008125509952932628
50,0.5587072199984701,0.4791915405136803,50,0.0,FlexiBO+GP-Log,BERT-SQuAD,0.27955721038790293,0.007464691102866319
51,0.4241203135354811,0.335121687429468,51,0.0,FlexiBO+GP-Log,BERT-SQuAD,0.27955721038790293,0.0017186182781514937
52,0.30109472594495257,0.4038706293472015,52,21.4,FlexiBO+GP-Log,BERT-SQuAD,0.27955721038790293,0.0075583066613333074
53,0.5213288557121868,0.5270003141690314,53,0.0,FlexiBO+GP-Log,BERT-SQuAD,0.27955721038790293,0.005797683470933547
54,0.4434993333039463,0.44994446142599376,54,21.4,FlexiBO+GP-Log,BERT-SQuAD,0.27955721038790293,0.0037413095613564296
55,0.4367918257874329,0.423252516619386,55,0.0,FlexiBO+GP-Log,BERT-SQuAD,0.27955721038790293,0.008211026418665987
56,0.4572898657538471,0.09211802475829198,56,0.0,FlexiBO+GP-Log,BERT-SQuAD,0.27955721038790293,0.00679521652346172
57,0.5559776851776723,0.08306007333447113,57,0.0,FlexiBO+GP-Log,BERT-SQuAD,0.27853304469015516,0.005232624432094346
58,0.4193808403196676,0.5803405181978103,58,0.0,FlexiBO+GP-Log,BERT-SQuAD,0.2785330446901553,0.004124696037058244
59,0.3887183424371821,0.2635410261112265,59,0.0,FlexiBO+GP-Log,BERT-SQuAD,0.2785330446901553,0.006875800491398841
60,0.3954201547693805,0.4949526705533411,60,0.0,FlexiBO+GP-Log,BERT-SQuAD,0.2785330446901553,0.009593906699173899
61,0.2825792777540531,0.25575577063283794,61,21.4,FlexiBO+GP-Log,BERT-SQuAD,0.2785330446901553,0.0016494831491343253
62,0.3345856820241789,0.4759652518223477,62,0.0,FlexiBO+GP-Log,BERT-SQuAD,0.2785330446901553,0.007428092273414784
63,0.3054956699064113,0.33875125284590313,63,0.0,FlexiBO+GP-Log,BERT-SQuAD,0.27853304469015516,0.0026160303804506524
64,0.179879801019874,0.24069141389594495,64,0.0,FlexiBO+GP-Log,BERT-SQuAD,0.2748742515233473,0.0003970520689031398
65,0.262433396629675,0.4766042464977857,65,0.0,FlexiBO+GP-Log,BERT-SQuAD,0.2748742515233473,0.008723049983297591
66,0.3877828539326844,0.5038165084553063,66,0.0,FlexiBO+GP-Log,BERT-SQuAD,0.2748742515233473,0.002767432780574578
67,0.3652354965520252,0.10379638219618297,67,21.4,FlexiBO+GP-Log,BERT-SQuAD,0.27393368068780655,0.001748416184041688
68,0.26202261066980803,0.102245400978666,68,21.4,FlexiBO+GP-Log,BERT-SQuAD,0.262717108835515,0.006720662732552856
69,0.2175387891201691,0.2560627965674601,69,21.4,FlexiBO+GP-Log,BERT-SQuAD,0.262717108835515,0.008576158885091946
70,0.3979897089675303,0.1182632511710442,70,0.0,FlexiBO+GP-Log,BERT-SQuAD,0.262717108835515,0.0028585076858282945
71,0.5431560326120068,0.10794363774518828,71,0.0,FlexiBO+GP-Log,BERT-SQuAD,0.2627171088355149,0.009461929186311377
72,0.5092947794750475,0.10635715485216864,72,0.0,FlexiBO+GP-Log,BERT-SQuAD,0.2627171088355149,0.0035048908970307336
73,0.3262510833487483,0.17632859927720895,73,0.0,FlexiBO+GP-Log,BERT-SQuAD,0.2627171088355149,0.00849846089577415
74,0.4523039237141274,0.515471869458523,74,0.0,FlexiBO+GP-Log,BERT-SQuAD,0.262717108835515,0.003073178024781954
75,0.2547781699579513,0.3829299815538975,75,0.0,FlexiBO+GP-Log,BERT-SQuAD,0.262717108835515,0.0031149080234476514
76,0.4035886769192114,0.5954883375805151,76,0.0,FlexiBO+GP-Log,BERT-SQuAD,0.262717108835515,6.682757324173783e-05
77,0.24693993325099986,0.13742396000487495,77,0.0,FlexiBO+GP-Log,BERT-SQuAD,0.26155755451907126,9.4155274840938e-05
78,0.5408538413154663,0.5472899630640948,78,21.4,FlexiBO+GP-Log,BERT-SQuAD,0.26155755451907126,0.002971841266157791
79,0.3239654260760367,0.4957164318936506,79,21.4,FlexiBO+GP-Log,BERT-SQuAD,0.26155755451907126,0.0034065725067368735
80,0.40727801551633375,0.3299192152910433,80,0.0,FlexiBO+GP-Log,BERT-SQuAD,0.26155755451907126,0.00207709011790008
81,0.4071258256669237,0.5696694120362129,81,0.0,FlexiBO+GP-Log,BERT-SQuAD,0.26155755451907137,0.006492412884587139
82,0.3299855843283781,0.455752039475761,82,21.4,FlexiBO+GP-Log,BERT-SQuAD,0.26155755451907137,0.0040166313207418555
83,0.1792612513062413,0.4586300255005911,83,21.4,FlexiBO+GP-Log,BERT-SQuAD,0.26122269027637524,0.008312149231795928
84,0.5107904892782875,0.5033185641962941,84,0.0,FlexiBO+GP-Log,BERT-SQuAD,0.26122269027637524,0.008137132155077432
85,0.23829516865317305,0.5138369095303432,85,0.0,FlexiBO+GP-Log,BERT-SQuAD,0.26122269027637524,0.006195415041793212
86,0.2054594743571656,0.5256353358800998,86,0.0,FlexiBO+GP-Log,BERT-SQuAD,0.26122269027637524,0.001364515916082063
87,0.4657257824995018,0.2117464987359196,87,21.4,FlexiBO+GP-Log,BERT-SQuAD,0.26122269027637524,0.0059190231306920265
88,0.2828085547138817,0.4656956402200557,88,21.4,FlexiBO+GP-Log,BERT-SQuAD,0.26122269027637524,0.006793324127512236
89,0.227716751024298,0.183533984358018,89,0.0,FlexiBO+GP-Log,BERT-SQuAD,0.2606311958789629,0.006906731947567895
90,0.3176291154730809,0.09476088249413472,90,0.0,FlexiBO+GP-Log,BERT-SQuAD,0.2601969479558237,0.006910956489573472
91,0.4056653639749488,0.16378592956720994,91,0.0,FlexiBO+GP-Log,BERT-SQuAD,0.2601969479558237,0.009438576481218706
92,0.4460193225179558,0.4008744201342997,92,21.4,FlexiBO+GP-Log,BERT-SQuAD,0.2601969479558237,0.007731094285219745
93,0.21227204733522811,0.584882441800443,93,0.0,FlexiBO+GP-Log,BERT-SQuAD,0.2601969479558237,0.002687873311783446
94,0.41824388322056,0.5764356065775924,94,21.4,FlexiBO+GP-Log,BERT-SQuAD,0.2601969479558237,0.0011434702107298723
95,0.30394855737505544,0.34533855988252465,95,0.0,FlexiBO+GP-Log,BERT-SQuAD,0.2601969479558237,0.0019921560448171462
96,0.32570705922218823,0.3352774460621211,96,0.0,FlexiBO+GP-Log,BERT-SQuAD,0.2601969479558237,0.002603933161212568
97,0.3049901192690761,0.3880401886905561,97,21.4,FlexiBO+GP-Log,BERT-SQuAD,0.2601969479558237,0.005730200539314272
98,0.283853515063167,0.081969156188831,98,21.4,FlexiBO+GP-Log,BERT-SQuAD,0.25740354702292656,0.007567412445639206
99,0.44220403864815205,0.3852082692460093,99,0.0,FlexiBO+GP-Log,BERT-SQuAD,0.25740354702292656,0.0017425444895814734
100,0.1915998480357082,0.4450680905457835,100,0.0,FlexiBO+GP-Log,BERT-SQuAD,0.25740354702292656,0.002466781101444765
101,0.4294827856818457,0.3818806749219524,101,21.4,FlexiBO+GP-Log,BERT-SQuAD,0.25740354702292656,0.00035078419757271885
102,0.5518920599124084,0.3353405524717886,102,21.4,FlexiBO+GP-Log,BERT-SQuAD,0.25740354702292656,0.0020425316492681954
103,0.451451751565303,0.2817164301365238,103,0.0,FlexiBO+GP-Log,BERT-SQuAD,0.25740354702292656,0.0001544493368035793
104,0.172145769791275,0.29357049136799,104,0.0,FlexiBO+GP-Log,BERT-SQuAD,0.2522748633850589,0.0028444130509130638
105,0.2702087950847918,0.37658833268328895,105,21.4,FlexiBO+GP-Log,BERT-SQuAD,0.2522748633850589,0.0013637396181461427
106,0.2648350724050419,0.15343192220909913,106,0.0,FlexiBO+GP-Log,BERT-SQuAD,0.2522748633850589,0.004866935457854929
107,0.3666787718001835,0.42289074783707853,107,21.4,FlexiBO+GP-Log,BERT-SQuAD,0.2522748633850589,0.006547059648250518
108,0.5287181933604499,0.1630966650793878,108,0.0,FlexiBO+GP-Log,BERT-SQuAD,0.2522748633850589,0.0076178225949863265
109,0.5577195665186854,0.1374114490876068,109,0.0,FlexiBO+GP-Log,BERT-SQuAD,0.2522748633850589,0.009734956137126848
110,0.17623363087957386,0.4409578820470418,110,0.0,FlexiBO+GP-Log,BERT-SQuAD,0.2522748633850589,0.00822687670899575
111,0.4827770640830967,0.23229827427677016,111,0.0,FlexiBO+GP-Log,BERT-SQuAD,0.2522748633850589,0.00491056478631712
112,0.20853044337731808,0.3901108666034833,112,0.0,FlexiBO+GP-Log,BERT-SQuAD,0.2522748633850589,0.006037220845252293
113,0.43046657683524703,0.2344610360556992,113,0.0,FlexiBO+GP-Log,BERT-SQuAD,0.2522748633850589,0.000941216496464331
114,0.29919673628230825,0.37916462818754537,114,0.0,FlexiBO+GP-Log,BERT-SQuAD,0.2522748633850589,0.006484319051623072
115,0.4225002949158061,0.13544229047926395,115,0.0,FlexiBO+GP-Log,BERT-SQuAD,0.2522748633850589,0.00706113038539577
116,0.1864730103884416,0.4017294422836791,116,0.0,FlexiBO+GP-Log,BERT-SQuAD,0.2522748633850589,0.007851183541429581
117,0.4825120852108114,0.21176646348139372,117,21.4,FlexiBO+GP-Log,BERT-SQuAD,0.2522748633850589,0.009228091848607607
118,0.4971975232640014,0.20462664046775486,118,0.0,FlexiBO+GP-Log,BERT-SQuAD,0.2522748633850589,0.0019444464719542776
119,0.2724363401167837,0.21042909434944732,119,0.0,FlexiBO+GP-Log,BERT-SQuAD,0.2522748633850589,0.006820580912577259
120,0.5274937667151205,0.1029788774713383,120,21.4,FlexiBO+GP-Log,BERT-SQuAD,0.2522748633850589,0.000730104961085507
121,0.4219858187475399,0.4328667341521241,121,0.0,FlexiBO+GP-Log,BERT-SQuAD,0.2522748633850589,0.0058277021448451165
122,0.3618439031583416,0.20902585239077345,122,0.0,FlexiBO+GP-Log,BERT-SQuAD,0.2522748633850589,0.009640160675643985
123,0.23775773234889444,0.2685086114296057,123,0.0,FlexiBO+GP-Log,BERT-SQuAD,0.2522748633850589,0.0023541018989269302
124,0.31274878314436794,0.12035989691801995,124,21.4,FlexiBO+GP-Log,BERT-SQuAD,0.2522748633850589,0.008615961380136183
125,0.39599911195283294,0.5993998144576749,125,0.0,FlexiBO+GP-Log,BERT-SQuAD,0.2522748633850589,0.0018136937509291796
126,0.4980979248076299,0.2979702730776973,126,0.0,FlexiBO+GP-Log,BERT-SQuAD,0.2522748633850589,0.009290326570525212
127,0.2825170697343559,0.2775870203224383,127,0.0,FlexiBO+GP-Log,BERT-SQuAD,0.2522748633850589,0.0008627306860071627
128,0.4258091803599531,0.4186325745554577,128,0.0,FlexiBO+GP-Log,BERT-SQuAD,0.2522748633850589,0.0048060147700605665
129,0.5024157561289309,0.3322521930308467,129,0.0,FlexiBO+GP-Log,BERT-SQuAD,0.2522748633850589,0.009611298084714236
130,0.3537171198542613,0.24357515459226825,130,21.4,FlexiBO+GP-Log,BERT-SQuAD,0.2522748633850589,0.0031052081803541855
131,0.3348431662859208,0.2493199089439751,131,0.0,FlexiBO+GP-Log,BERT-SQuAD,0.2522748633850589,0.007252378311758789
132,0.17430847094375532,0.5331776672986714,132,0.0,FlexiBO+GP-Log,BERT-SQuAD,0.2522748633850589,0.004280912860837514
133,0.44542774192247214,0.4554124141626518,133,0.0,FlexiBO+GP-Log,BERT-SQuAD,0.2522748633850589,0.0017324007948007437
134,0.34482911940369965,0.3300672025241039,134,0.0,FlexiBO+GP-Log,BERT-SQuAD,0.252274863385059,0.0084874542040232
135,0.18769657503643514,0.3566551414898028,135,0.0,FlexiBO+GP-Log,BERT-SQuAD,0.252274863385059,0.00528391952057189
136,0.4942024174993445,0.2227504500045145,136,21.4,FlexiBO+GP-Log,BERT-SQuAD,0.252274863385059,0.0036896332103228823
137,0.40949784554266144,0.2032192571587872,137,0.0,FlexiBO+GP-Log,BERT-SQuAD,0.252274863385059,0.004423661067459443
138,0.5391471707454689,0.3927772903292613,138,0.0,FlexiBO+GP-Log,BERT-SQuAD,0.252274863385059,0.005859794859686852
139,0.3533413001169068,0.31906639277909143,139,0.0,FlexiBO+GP-Log,BERT-SQuAD,0.252274863385059,0.0015261565628693974
140,0.4839539867076276,0.5537124727971956,140,0.0,FlexiBO+GP-Log,BERT-SQuAD,0.252274863385059,0.0007120934451566419
141,0.4943114163947726,0.4159691768225593,141,0.0,FlexiBO+GP-Log,BERT-SQuAD,0.2522748633850589,0.004695143766638345
142,0.42686438941203175,0.42796321758853945,142,0.0,FlexiBO+GP-Log,BERT-SQuAD,0.2522748633850589,0.009405207839786881
143,0.3110372400765325,0.1899389425455664,143,0.0,FlexiBO+GP-Log,BERT-SQuAD,0.2522748633850589,0.008180984079661231
144,0.4811423223177659,0.5227356243333044,144,0.0,FlexiBO+GP-Log,BERT-SQuAD,0.2522748633850589,0.007288220404029906
145,0.21888080402888252,0.5776106017358619,145,0.0,FlexiBO+GP-Log,BERT-SQuAD,0.2522748633850589,0.009546658924042219
146,0.273433348109632,0.093616967859066,146,0.0,FlexiBO+GP-Log,BERT-SQuAD,0.25218495367140525,0.009782514138419107
147,0.3898631093699997,0.3968903319111999,147,0.0,FlexiBO+GP-Log,BERT-SQuAD,0.25218495367140525,0.003034329152714448
148,0.4706965244245776,0.4435665183015911,148,0.0,FlexiBO+GP-Log,BERT-SQuAD,0.25218495367140525,0.004299220405968663
149,0.4215305473971708,0.19451491278580413,149,0.0,FlexiBO+GP-Log,BERT-SQuAD,0.25218495367140525,0.0028404263481989936
150,0.2964225485503181,0.111492449000038,150,0.0,FlexiBO+GP-Log,BERT-SQuAD,0.25218495367140525,0.007707483110553517
151,0.3931666931679984,0.4225512638784269,151,0.0,FlexiBO+GP-Log,BERT-SQuAD,0.25218495367140525,0.007885945236537253
152,0.4285773218090522,0.11866817078574934,152,21.4,FlexiBO+GP-Log,BERT-SQuAD,0.25218495367140525,0.004433924482736447
153,0.4398528126402418,0.3660375418352493,153,21.4,FlexiBO+GP-Log,BERT-SQuAD,0.25218495367140525,0.0008253314853344352
154,0.4248345301026827,0.22966744681331536,154,0.0,FlexiBO+GP-Log,BERT-SQuAD,0.25218495367140525,0.005831217315478267
155,0.4180289001414424,0.18864986111345985,155,0.0,FlexiBO+GP-Log,BERT-SQuAD,0.25218495367140525,0.0030367626765658642
156,0.21890440192466126,0.4490262176671639,156,0.0,FlexiBO+GP-Log,BERT-SQuAD,0.25218495367140525,0.009427607835107214
157,0.21485604342188397,0.5340275750378177,157,21.4,FlexiBO+GP-Log,BERT-SQuAD,0.25218495367140514,0.006630275934191272
158,0.23662805118092065,0.2720917390596225,158,0.0,FlexiBO+GP-Log,BERT-SQuAD,0.25218495367140514,0.002477938182649387
159,0.22010978997511235,0.2946897983652137,159,0.0,FlexiBO+GP-Log,BERT-SQuAD,0.25218495367140514,0.009604661583297694
160,0.4787730963351681,0.2523503053074057,160,21.4,FlexiBO+GP-Log,BERT-SQuAD,0.25218495367140514,0.003920529047249342
161,0.231063022965722,0.106873140336414,161,21.4,FlexiBO+GP-Log,BERT-SQuAD,0.2505070281705408,0.004600219836066645
162,0.5370997536418318,0.5529595967606826,162,21.4,FlexiBO+GP-Log,BERT-SQuAD,0.2505070281705408,0.0041925580964016895
163,0.3547653336260039,0.210038766962948,163,0.0,FlexiBO+GP-Log,BERT-SQuAD,0.2505070281705408,0.00027190690904920324
164,0.3274244162251705,0.5982161600385325,164,21.4,FlexiBO+GP-Log,BERT-SQuAD,0.2505070281705408,0.0002591058340237784
165,0.35777443559597377,0.3663184435105634,165,21.4,FlexiBO+GP-Log,BERT-SQuAD,0.25050702817054105,0.007328650779455709
166,0.44230338698059257,0.1367642890775637,166,0.0,FlexiBO+GP-Log,BERT-SQuAD,0.25050702817054105,0.006156219914835476
167,0.44364516494245865,0.10634736288056423,167,21.4,FlexiBO+GP-Log,BERT-SQuAD,0.25050702817054105,0.0016217681903390024
168,0.4325316260240246,0.38007233097009663,168,0.0,FlexiBO+GP-Log,BERT-SQuAD,0.25050702817054105,0.00744815216103606
169,0.3883872517948883,0.5763820000868769,169,0.0,FlexiBO+GP-Log,BERT-SQuAD,0.25050702817054105,0.008055518987280944
170,0.2221065927052866,0.5789557739860078,170,0.0,FlexiBO+GP-Log,BERT-SQuAD,0.25050702817054105,0.005315293583090767
171,0.361590668716117,0.4062959410347801,171,0.0,FlexiBO+GP-Log,BERT-SQuAD,0.25050702817054105,0.00017266972953090766
172,0.19663536086229425,0.2795241479234485,172,0.0,FlexiBO+GP-Log,BERT-SQuAD,0.25050702817054105,0.0001969678427816668
173,0.2652249317720109,0.5963667290300414,173,0.0,FlexiBO+GP-Log,BERT-SQuAD,0.25050702817054105,0.0056221050099728165
174,0.4334554302801018,0.5262044589192123,174,0.0,FlexiBO+GP-Log,BERT-SQuAD,0.25050702817054105,0.0035972168123651616
175,0.3259818099710071,0.4568975460158825,175,0.0,FlexiBO+GP-Log,BERT-SQuAD,0.25050702817054094,0.008421181152891966
176,0.5319827086218675,0.17369672322691565,176,0.0,FlexiBO+GP-Log,BERT-SQuAD,0.25050702817054094,0.0032119216904620542
177,0.339685635836264,0.35224247987376434,177,0.0,FlexiBO+GP-Log,BERT-SQuAD,0.25050702817054094,0.0034557831111458994
178,0.21309527100672895,0.21582244416702495,178,0.0,FlexiBO+GP-Log,BERT-SQuAD,0.25031474917468866,0.00873416822525364
179,0.3925072291693849,0.1277015388749925,179,0.0,FlexiBO+GP-Log,BERT-SQuAD,0.25031474917468866,0.003093302475518263
180,0.2602391537802832,0.30872427010073544,180,0.0,FlexiBO+GP-Log,BERT-SQuAD,0.25031474917468866,0.0050373710693567995
181,0.3441868621255773,0.40011307691990855,181,21.4,FlexiBO+GP-Log,BERT-SQuAD,0.25031474917468866,0.0006660558045871801
182,0.5528579021448833,0.5917692155158158,182,0.0,FlexiBO+GP-Log,BERT-SQuAD,0.25031474917468866,0.0045639019433393845
183,0.32885663082317385,0.24946821327740265,183,0.0,FlexiBO+GP-Log,BERT-SQuAD,0.25031474917468866,0.007854547185151179
184,0.34895099306132915,0.467033762823214,184,0.0,FlexiBO+GP-Log,BERT-SQuAD,0.25031474917468866,0.006986478415586958
185,0.5378914498303666,0.478803054584795,185,0.0,FlexiBO+GP-Log,BERT-SQuAD,0.25031474917468866,0.0019956312737807857
186,0.4579775675343087,0.4984386642148333,186,0.0,FlexiBO+GP-Log,BERT-SQuAD,0.25031474917468866,0.0033589676069789355
187,0.445035195951845,0.14725216531708973,187,0.0,FlexiBO+GP-Log,BERT-SQuAD,0.25031474917468866,0.006297923621684544
188,0.3652161610780768,0.40142015737172604,188,0.0,FlexiBO+GP-Log,BERT-SQuAD,0.25031474917468877,0.0011668755922904861
189,0.24302420628953644,0.2021396117622551,189,0.0,FlexiBO+GP-Log,BERT-SQuAD,0.25031474917468877,0.005351274120064157
190,0.17874907814530205,0.28983711387578004,190,0.0,FlexiBO+GP-Log,BERT-SQuAD,0.2503105277593589,0.0019122118833274206
191,0.2528510177267367,0.3298331581979048,191,0.0,FlexiBO+GP-Log,BERT-SQuAD,0.2503105277593589,0.00032213951169374314
192,0.5597189580201306,0.2862628986996971,192,0.0,FlexiBO+GP-Log,BERT-SQuAD,0.2503105277593589,0.002069191439769512
193,0.4513991620943482,0.18729282124882887,193,21.4,FlexiBO+GP-Log,BERT-SQuAD,0.2503105277593589,0.006960777628063697
194,0.5231184305867423,0.4683597227949687,194,21.4,FlexiBO+GP-Log,BERT-SQuAD,0.2503105277593589,0.0032149453214027723
195,0.3498489545402529,0.3026215256903921,195,0.0,FlexiBO+GP-Log,BERT-SQuAD,0.2503105277593589,0.0023705694786137566
196,0.5057846508549289,0.5548938435219517,196,0.0,FlexiBO+GP-Log,BERT-SQuAD,0.2503105277593589,0.0039052008760304857
197,0.24140260634761315,0.2668129102055677,197,0.0,FlexiBO+GP-Log,BERT-SQuAD,0.2503105277593589,0.004435098197131699
198,0.4310587430293547,0.5405380032473992,198,21.4,FlexiBO+GP-Log,BERT-SQuAD,0.2503105277593589,0.002359895622540472
199,0.5068711561852115,0.1742013176970274,199,0.0,FlexiBO+GP-Log,BERT-SQuAD,0.2503105277593589,0.001610980629524732
0,0.4546403090964161,0.28520749617938457,0,0.0,FlexiBO+RF-Log,BERT-SQuAD,0.6101809810561905,0.006028284638089131
1,0.2516157949107901,0.4476531906627211,1,0.0,FlexiBO+RF-Log,BERT-SQuAD,0.49804103842850866,0.005365276125985401
2,0.4373002027528976,0.4150491718680856,2,0.0,FlexiBO+RF-Log,BERT-SQuAD,0.49747568127538366,0.005961426531867224
3,0.3414793290868197,0.1471422640473985,3,0.0,FlexiBO+RF-Log,BERT-SQuAD,0.38873971514909544,0.006904625989085724
4,0.3473132015141869,0.15637557275073097,4,0.0,FlexiBO+RF-Log,BERT-SQuAD,0.38873971514909544,0.0055977966358108176
5,0.40632768194065705,0.28468591620385075,5,21.4,FlexiBO+RF-Log,BERT-SQuAD,0.38873971514909544,0.0062567208475860095
6,0.3379435335600554,0.4359498185802632,6,0.0,FlexiBO+RF-Log,BERT-SQuAD,0.38869833441843815,0.007967891759969682
7,0.3367883043761121,0.4995771689925288,7,0.0,FlexiBO+RF-Log,BERT-SQuAD,0.38869833441843826,0.0027443754895334006
8,0.274384253049019,0.5906052426068632,8,0.0,FlexiBO+RF-Log,BERT-SQuAD,0.38869833441843826,0.0050147760999536975
9,0.4023506497515241,0.5153484276054902,9,0.0,FlexiBO+RF-Log,BERT-SQuAD,0.38869833441843826,0.00530429967923995
10,0.21850439150731,0.275362246900111,10,0.0,FlexiBO+RF-Log,BERT-SQuAD,0.34926326907178185,0.004679673653979753
11,0.2494701956891971,0.344511185561558,11,21.4,FlexiBO+RF-Log,BERT-SQuAD,0.34926326907178185,0.0015993036461273836
12,0.277014926948999,0.152149356830601,12,0.0,FlexiBO+RF-Log,BERT-SQuAD,0.3413204237777778,0.0006781996916790478
13,0.5456269725809378,0.16348352414756107,13,0.0,FlexiBO+RF-Log,BERT-SQuAD,0.3413204237777778,0.0022421465094384497
14,0.36700478286895866,0.5827041667311166,14,0.0,FlexiBO+RF-Log,BERT-SQuAD,0.3413204237777778,0.003008545048897682
15,0.4256782392886591,0.4513104417256949,15,0.0,FlexiBO+RF-Log,BERT-SQuAD,0.3413204237777778,0.002819766244673968
16,0.5156318172787732,0.4354647546271429,16,0.0,FlexiBO+RF-Log,BERT-SQuAD,0.3413204237777778,0.004411828625097749
17,0.273960659931423,0.22032482802488604,17,0.0,FlexiBO+RF-Log,BERT-SQuAD,0.3411523248045747,0.009747235268277591
18,0.38032230762758595,0.44635524604121496,18,0.0,FlexiBO+RF-Log,BERT-SQuAD,0.3411523248045747,0.0012058591835422284
19,0.3367577747515215,0.17534484062500855,19,21.4,FlexiBO+RF-Log,BERT-SQuAD,0.3411523248045747,0.009583684324699525
20,0.4779015957176158,0.5960700027775135,20,21.4,FlexiBO+RF-Log,BERT-SQuAD,0.3411523248045747,0.007774700372507495
21,0.2370302346933125,0.4477089293777137,21,0.0,FlexiBO+RF-Log,BERT-SQuAD,0.3411523248045747,0.007297559516583931
22,0.31403173110595417,0.4535269433320371,22,21.4,FlexiBO+RF-Log,BERT-SQuAD,0.3411523248045747,0.0038693886308130256
23,0.3728612012042983,0.3329612981047275,23,21.4,FlexiBO+RF-Log,BERT-SQuAD,0.3411523248045747,0.0013978122011103912
24,0.4118500853089282,0.5230265994735332,24,0.0,FlexiBO+RF-Log,BERT-SQuAD,0.3411523248045747,0.008440819294399018
25,0.4959169238516466,0.3910835446378454,25,0.0,FlexiBO+RF-Log,BERT-SQuAD,0.3411523248045748,0.0033056651325335143
26,0.3234093499048493,0.2953849489180871,26,0.0,FlexiBO+RF-Log,BERT-SQuAD,0.3411523248045748,0.004137179421446942
27,0.4815426516162958,0.5977495855176891,27,21.4,FlexiBO+RF-Log,BERT-SQuAD,0.3411523248045748,0.006075093963254609
28,0.4833571923107192,0.1706766722884343,28,21.4,FlexiBO+RF-Log,BERT-SQuAD,0.3411523248045748,0.007364640829833235
29,0.22855737895619824,0.4817362272106784,29,0.0,FlexiBO+RF-Log,BERT-SQuAD,0.3411523248045747,0.004351919778639971
30,0.2918477945940756,0.5648670859404372,30,0.0,FlexiBO+RF-Log,BERT-SQuAD,0.3411523248045747,0.007961781515497639
31,0.19894196063454744,0.5660288939647997,31,0.0,FlexiBO+RF-Log,BERT-SQuAD,0.3326627950419849,0.005508465848886256
32,0.26570366583817834,0.5937184983258281,32,21.4,FlexiBO+RF-Log,BERT-SQuAD,0.3326627950419849,0.0012981238818727126
33,0.5268125572949405,0.14545917758656518,33,21.4,FlexiBO+RF-Log,BERT-SQuAD,0.3318663796637318,0.006516538547024102
34,0.3395780384498297,0.15749662587123378,34,21.4,FlexiBO+RF-Log,BERT-SQuAD,0.3318663796637318,0.009422018738598882
35,0.4254538641110575,0.4851414485504472,35,0.0,FlexiBO+RF-Log,BERT-SQuAD,0.3318663796637318,0.0006155814806158144
36,0.4134442531699026,0.2321462918674304,36,0.0,FlexiBO+RF-Log,BERT-SQuAD,0.3318663796637318,0.0021989187193102657
37,0.4215030669647519,0.5955716483717741,37,0.0,FlexiBO+RF-Log,BERT-SQuAD,0.3318663796637318,0.0032655426463204873
38,0.29851137505745884,0.32779096959209114,38,0.0,FlexiBO+RF-Log,BERT-SQuAD,0.3318663796637318,0.005003526507059928
39,0.273684819475721,0.4373836034234631,39,0.0,FlexiBO+RF-Log,BERT-SQuAD,0.3318663796637318,0.009429540376883982
40,0.399655832447659,0.5242753574714724,40,0.0,FlexiBO+RF-Log,BERT-SQuAD,0.33186637966373167,0.003761039990353363
41,0.5163664106621331,0.16184012851802515,41,0.0,FlexiBO+RF-Log,BERT-SQuAD,0.33186637966373167,0.0006587189195251109
42,0.3742352908088665,0.4262481745326739,42,0.0,FlexiBO+RF-Log,BERT-SQuAD,0.3318663796637318,0.008179899435859853
43,0.480447758146386,0.2973237616811741,43,0.0,FlexiBO+RF-Log,BERT-SQuAD,0.33186637966373167,0.0019245567666767683
44,0.5515245263983056,0.3061392398029679,44,0.0,FlexiBO+RF-Log,BERT-SQuAD,0.3318663796637318,0.0077950719022358145
45,0.5458760895797384,0.5503793471582963,45,21.4,FlexiBO+RF-Log,BERT-SQuAD,0.3318663796637318,0.008569235845554395
46,0.4684398214666692,0.5764049214016673,46,21.4,FlexiBO+RF-Log,BERT-SQuAD,0.3318663796637318,0.0009708997821105159
47,0.4742834073567593,0.4290470332822812,47,0.0,FlexiBO+RF-Log,BERT-SQuAD,0.3318663796637318,0.007066373573316768
48,0.5203802410944962,0.31342689038332616,48,0.0,FlexiBO+RF-Log,BERT-SQuAD,0.3318663796637318,0.009277105617192442
49,0.4161709997235109,0.5393313798678591,49,0.0,FlexiBO+RF-Log,BERT-SQuAD,0.3318663796637318,0.0019397395424613562
50,0.2447301518411291,0.502125521473421,50,0.0,FlexiBO+RF-Log,BERT-SQuAD,0.3318663796637318,0.005469797683495005
51,0.3875771156376411,0.5999992864667484,51,21.4,FlexiBO+RF-Log,BERT-SQuAD,0.3318663796637318,0.0018339656444280818
52,0.3650883580210164,0.5004868664044044,52,0.0,FlexiBO+RF-Log,BERT-SQuAD,0.3318663796637318,0.005529710314895548
53,0.2535255841641301,0.4825516742297316,53,0.0,FlexiBO+RF-Log,BERT-SQuAD,0.3318663796637318,0.008211239627292104
54,0.25541146033563,0.27991259263430657,54,0.0,FlexiBO+RF-Log,BERT-SQuAD,0.3318663796637318,0.0018557484720487904
55,0.33465152312274904,0.3348185700581763,55,0.0,FlexiBO+RF-Log,BERT-SQuAD,0.3318663796637318,0.0021562695673651567
56,0.3984768106261203,0.5426875201795721,56,0.0,FlexiBO+RF-Log,BERT-SQuAD,0.3318663796637318,0.0010951929532944282
57,0.29285976220653603,0.3673620122241968,57,0.0,FlexiBO+RF-Log,BERT-SQuAD,0.3318663796637318,0.006853342892670794
58,0.5070566236891769,0.28337053851290583,58,0.0,FlexiBO+RF-Log,BERT-SQuAD,0.3318663796637318,0.005651257157504284
59,0.36332860430913777,0.1966674951741936,59,0.0,FlexiBO+RF-Log,BERT-SQuAD,0.3318663796637318,0.006056425872880793
60,0.3594292795959589,0.4242905577228384,60,0.0,FlexiBO+RF-Log,BERT-SQuAD,0.3318663796637318,0.00965739924921517
61,0.4901894940405057,0.4847808334470353,61,0.0,FlexiBO+RF-Log,BERT-SQuAD,0.3318663796637318,0.004971395589121717
62,0.2403626279009883,0.35311192558143745,62,0.0,FlexiBO+RF-Log,BERT-SQuAD,0.3318663796637318,0.006928682670398311
63,0.3513914318408837,0.4351937836093626,63,0.0,FlexiBO+RF-Log,BERT-SQuAD,0.3318663796637318,0.0009656140021982584
64,0.31861357209474594,0.2701316833665476,64,21.4,FlexiBO+RF-Log,BERT-SQuAD,0.3318663796637318,0.002412550798871288
65,0.3719528389366888,0.2354900443923739,65,21.4,FlexiBO+RF-Log,BERT-SQuAD,0.3318663796637318,0.006338759507724413
66,0.3253200689283353,0.21282000294580566,66,21.4,FlexiBO+RF-Log,BERT-SQuAD,0.3318663796637318,0.0006184035542606481
67,0.276734614294969,0.190890428583243,67,21.4,FlexiBO+RF-Log,BERT-SQuAD,0.3318581288291045,0.009068944834859037
68,0.26283536359605336,0.33080714836867753,68,0.0,FlexiBO+RF-Log,BERT-SQuAD,0.3318581288291045,0.0008261639159790102
69,0.4567538814272332,0.5166431153608891,69,0.0,FlexiBO+RF-Log,BERT-SQuAD,0.33185812882910437,0.0054964829357623465
70,0.29617191936808834,0.2899608807142593,70,0.0,FlexiBO+RF-Log,BERT-SQuAD,0.33185812882910437,0.0012569607084573808
71,0.3129599879327114,0.1783066271972818,71,0.0,FlexiBO+RF-Log,BERT-SQuAD,0.33185812882910437,0.004109650218718722
72,0.40328514073034816,0.18075947311560905,72,0.0,FlexiBO+RF-Log,BERT-SQuAD,0.33185812882910437,0.0013223946360190586
73,0.2367531189840085,0.3867958131395232,73,0.0,FlexiBO+RF-Log,BERT-SQuAD,0.33185812882910437,0.002421014583856783
74,0.3721520282759457,0.14805436929170074,74,21.4,FlexiBO+RF-Log,BERT-SQuAD,0.33185812882910437,0.004626161901972665
75,0.4205495795243301,0.18062009095277426,75,0.0,FlexiBO+RF-Log,BERT-SQuAD,0.33185812882910437,0.0006380219034129009
76,0.2143482837603738,0.5294364261137187,76,0.0,FlexiBO+RF-Log,BERT-SQuAD,0.33170604658998903,0.009633896803399858
77,0.38554004903988537,0.5525499243943397,77,21.4,FlexiBO+RF-Log,BERT-SQuAD,0.33170604658998903,0.005073422115972671
78,0.2934775455097606,0.5437640488010448,78,0.0,FlexiBO+RF-Log,BERT-SQuAD,0.33170604658998903,0.005761529580761849
79,0.5101591437616928,0.5974873621493617,79,0.0,FlexiBO+RF-Log,BERT-SQuAD,0.33170604658998903,0.009634435610096496
80,0.5469680374395121,0.4236684114551879,80,0.0,FlexiBO+RF-Log,BERT-SQuAD,0.33170604658998903,0.007249682193613
81,0.3919014612826256,0.2394192342234511,81,0.0,FlexiBO+RF-Log,BERT-SQuAD,0.33170604658998903,0.004116721311977548
82,0.37482372267382186,0.4920505704925856,82,0.0,FlexiBO+RF-Log,BERT-SQuAD,0.33170604658998903,0.0011148608127380965
83,0.29896113721176304,0.3177332210296677,83,0.0,FlexiBO+RF-Log,BERT-SQuAD,0.33170604658998903,0.0012041263702419704
84,0.19619962609876512,0.4250899592312081,84,0.0,FlexiBO+RF-Log,BERT-SQuAD,0.32752442500132917,0.006079086154919488
85,0.4794627699621546,0.22647392840386898,85,21.4,FlexiBO+RF-Log,BERT-SQuAD,0.32752442500132917,0.004888787666182631
86,0.3357017561927053,0.3834471614981471,86,21.4,FlexiBO+RF-Log,BERT-SQuAD,0.32752442500132917,0.00929973226836375
87,0.4048366301755695,0.33245463149131016,87,0.0,FlexiBO+RF-Log,BERT-SQuAD,0.32752442500132917,0.0016510416548462493
88,0.3531375564675725,0.1461801695491029,88,0.0,FlexiBO+RF-Log,BERT-SQuAD,0.32735733323854177,0.002562853686810025
89,0.3133222327906245,0.3891580008567494,89,0.0,FlexiBO+RF-Log,BERT-SQuAD,0.32735733323854177,0.001377233972576244
90,0.5236279924736374,0.5124672628830329,90,0.0,FlexiBO+RF-Log,BERT-SQuAD,0.32735733323854177,0.0018582078356446964
91,0.3664286201604743,0.5106894576826095,91,0.0,FlexiBO+RF-Log,BERT-SQuAD,0.32735733323854177,0.005179041194638507
92,0.24303381596989626,0.5262873918395671,92,0.0,FlexiBO+RF-Log,BERT-SQuAD,0.32735733323854177,0.00790856669973138
93,0.4380694099366796,0.5277498668792227,93,0.0,FlexiBO+RF-Log,BERT-SQuAD,0.32735733323854177,0.0047056927437441245
94,0.33615337882827745,0.17557398267094776,94,0.0,FlexiBO+RF-Log,BERT-SQuAD,0.32735733323854177,0.008380960842088678
95,0.19561711471580892,0.4665782702895992,95,21.4,FlexiBO+RF-Log,BERT-SQuAD,0.32704660900906957,0.0073149174578692605
96,0.25675409706835034,0.3982063341347027,96,0.0,FlexiBO+RF-Log,BERT-SQuAD,0.32704660900906957,0.008578437033489216
97,0.21115967629521587,0.37798187975398667,97,0.0,FlexiBO+RF-Log,BERT-SQuAD,0.3267006135811207,0.006370916701979046
98,0.5211836634179866,0.4447144210181396,98,21.4,FlexiBO+RF-Log,BERT-SQuAD,0.3267006135811207,0.00707640274692398
99,0.46152844230541706,0.20523062337971315,99,21.4,FlexiBO+RF-Log,BERT-SQuAD,0.3267006135811207,0.00560604514191126
100,0.4399733970096462,0.3873394017940932,100,0.0,FlexiBO+RF-Log,BERT-SQuAD,0.3267006135811207,0.0033326508823914437
101,0.195476390047742,0.29824723046395896,101,21.4,FlexiBO+RF-Log,BERT-SQuAD,0.324020603027775,0.007876428609877527
102,0.44243845629861867,0.2803111677666482,102,21.4,FlexiBO+RF-Log,BERT-SQuAD,0.324020603027775,0.003149907726724154
103,0.3700678016367952,0.1928749536891075,103,0.0,FlexiBO+RF-Log,BERT-SQuAD,0.324020603027775,0.0020162828296272973
104,0.284482974863472,0.14452788525197102,104,0.0,FlexiBO+RF-Log,BERT-SQuAD,0.32282809159663084,0.00042538616913232797
105,0.252666537553281,0.3819458781502444,105,0.0,FlexiBO+RF-Log,BERT-SQuAD,0.32282809159663084,0.0004605911068037294
106,0.2789297926843293,0.4705702555600537,106,21.4,FlexiBO+RF-Log,BERT-SQuAD,0.32282809159663084,0.008372484925907628
107,0.24116321058789936,0.24028658661959146,107,0.0,FlexiBO+RF-Log,BERT-SQuAD,0.3216776994053899,0.004618745169129629
108,0.5286260682870796,0.2425034501596685,108,0.0,FlexiBO+RF-Log,BERT-SQuAD,0.3216776994053899,0.0032833460865331634
109,0.35659741041936194,0.3740467301195107,109,0.0,FlexiBO+RF-Log,BERT-SQuAD,0.3216776994053899,0.005219992267451908
110,0.2655185749669444,0.24601257702451884,110,21.4,FlexiBO+RF-Log,BERT-SQuAD,0.3216776994053899,0.004344753987586662
111,0.5562522855518152,0.5675583008849341,111,0.0,FlexiBO+RF-Log,BERT-SQuAD,0.3216776994053899,0.0036581974380510895
112,0.2429523810447413,0.34560287299955195,112,0.0,FlexiBO+RF-Log,BERT-SQuAD,0.3216776994053899,0.009975256416025693
113,0.5349769895989253,0.2194820438108161,113,21.4,FlexiBO+RF-Log,BERT-SQuAD,0.3216776994053899,0.0072212158606271525
114,0.399685221307668,0.30184846516482616,114,0.0,FlexiBO+RF-Log,BERT-SQuAD,0.3216776994053899,0.009142693125520263
115,0.5372141741612223,0.25859755024279485,115,21.4,FlexiBO+RF-Log,BERT-SQuAD,0.3216776994053899,0.008262484990885652
116,0.5543844393255716,0.24405884324424884,116,0.0,FlexiBO+RF-Log,BERT-SQuAD,0.3216776994053899,0.000756300100448496
117,0.27422093683866205,0.5902304372357152,117,0.0,FlexiBO+RF-Log,BERT-SQuAD,0.3216776994053899,0.00848738497580611
118,0.2903194569520625,0.4165269240175855,118,0.0,FlexiBO+RF-Log,BERT-SQuAD,0.3216776994053899,0.0075960690309939665
119,0.3777604876326897,0.5342765578987858,119,0.0,FlexiBO+RF-Log,BERT-SQuAD,0.3216776994053899,0.0007308938930985898
120,0.4464617100366892,0.4508673334865239,120,0.0,FlexiBO+RF-Log,BERT-SQuAD,0.3216776994053899,0.008276292868052055
121,0.3501149562409053,0.258271520526114,121,0.0,FlexiBO+RF-Log,BERT-SQuAD,0.3216776994053899,0.005426613603565798
122,0.3709727152573809,0.3583888900762109,122,0.0,FlexiBO+RF-Log,BERT-SQuAD,0.3216776994053899,0.0063386828684251955
123,0.5340504548469974,0.5200589207446308,123,0.0,FlexiBO+RF-Log,BERT-SQuAD,0.3216776994053899,0.0035338090456568595
124,0.24799388185147594,0.5797169488842664,124,21.4,FlexiBO+RF-Log,BERT-SQuAD,0.32167769940539004,0.0037057378379164417
125,0.3448222929221352,0.3715400557905676,125,0.0,FlexiBO+RF-Log,BERT-SQuAD,0.32167769940539004,0.0034226179971213635
126,0.2075764205684692,0.4665106016311752,126,21.4,FlexiBO+RF-Log,BERT-SQuAD,0.32167769940539004,0.006283171818244579
127,0.4837639612354709,0.2946372162345709,127,0.0,FlexiBO+RF-Log,BERT-SQuAD,0.32167769940539004,0.008210305820524235
128,0.24671589706362654,0.4329498969486471,128,0.0,FlexiBO+RF-Log,BERT-SQuAD,0.3216776994053899,0.004802131005305481
129,0.4894772086080586,0.2214875641172078,129,0.0,FlexiBO+RF-Log,BERT-SQuAD,0.3216776994053899,0.0017709329591105861
130,0.2467675293331472,0.5572794827195597,130,0.0,FlexiBO+RF-Log,BERT-SQuAD,0.3216776994053899,0.004083043206715288
131,0.37984666477412266,0.4957974037317502,131,21.4,FlexiBO+RF-Log,BERT-SQuAD,0.3216776994053899,0.00506613056276827
132,0.21388090205691915,0.29976912619990026,132,0.0,FlexiBO+RF-Log,BERT-SQuAD,0.32167769940539004,0.004177739703101413
133,0.2129455409321688,0.3803962849349709,133,0.0,FlexiBO+RF-Log,BERT-SQuAD,0.32167769940539004,0.005077916688825785
134,0.264488135262829,0.5805705078206232,134,0.0,FlexiBO+RF-Log,BERT-SQuAD,0.32167769940539004,0.0014558398728501565
135,0.4478378581050725,0.3638888375685634,135,21.4,FlexiBO+RF-Log,BERT-SQuAD,0.32167769940539004,0.006772917139215028
136,0.4409701002533182,0.3062902070590615,136,0.0,FlexiBO+RF-Log,BERT-SQuAD,0.32167769940539004,0.0019533526522803844
137,0.39613775600469503,0.20396969490016065,137,0.0,FlexiBO+RF-Log,BERT-SQuAD,0.32167769940539004,0.0025662901885178226
138,0.32737663365544856,0.36494392973907736,138,0.0,FlexiBO+RF-Log,BERT-SQuAD,0.32167769940539004,0.003858727252492641
139,0.39937600851637817,0.5290797603030521,139,0.0,FlexiBO+RF-Log,BERT-SQuAD,0.32167769940539004,0.0036017019794061223
140,0.5372097003379345,0.18849916947537068,140,0.0,FlexiBO+RF-Log,BERT-SQuAD,0.32167769940539004,0.00650234398666571
141,0.26722845306227866,0.548149606183169,141,0.0,FlexiBO+RF-Log,BERT-SQuAD,0.32167769940539004,0.004336377563873802
142,0.4822579289066863,0.19705648454887795,142,0.0,FlexiBO+RF-Log,BERT-SQuAD,0.32167769940539004,0.005711057813526514
143,0.2739453127174849,0.2892999783526765,143,21.4,FlexiBO+RF-Log,BERT-SQuAD,0.32167769940539004,0.002250108111481478
144,0.2584481256510951,0.31013503240855445,144,0.0,FlexiBO+RF-Log,BERT-SQuAD,0.32167769940539004,0.0018137371738971065
145,0.226390239878292,0.26105175884187304,145,0.0,FlexiBO+RF-Log,BERT-SQuAD,0.32146629098446544,0.0063007453543035
146,0.31616988595535833,0.496129196306097,146,0.0,FlexiBO+RF-Log,BERT-SQuAD,0.32146629098446544,0.004923034386341914
147,0.2974125057598532,0.3821451285893236,147,0.0,FlexiBO+RF-Log,BERT-SQuAD,0.32146629098446544,0.009560225891201741
148,0.23327954620025906,0.4616778116661534,148,21.4,FlexiBO+RF-Log,BERT-SQuAD,0.32146629098446544,0.002960815973302264
149,0.4341345142546029,0.4613986149958837,149,0.0,FlexiBO+RF-Log,BERT-SQuAD,0.32146629098446544,0.00769270439724708
150,0.3935440558083385,0.20714763593329716,150,21.4,FlexiBO+RF-Log,BERT-SQuAD,0.32146629098446544,0.005820620181415871
151,0.2273588517964609,0.3782278302155093,151,0.0,FlexiBO+RF-Log,BERT-SQuAD,0.32146629098446544,0.005074658354376938
152,0.3028768899815176,0.5349486725514287,152,0.0,FlexiBO+RF-Log,BERT-SQuAD,0.32146629098446544,0.004165570575226366
153,0.4161242147190366,0.564112176376367,153,0.0,FlexiBO+RF-Log,BERT-SQuAD,0.32146629098446544,0.005759097262240829
154,0.487211087801445,0.4880583060996447,154,0.0,FlexiBO+RF-Log,BERT-SQuAD,0.32146629098446544,0.004492727953870124
155,0.4660518104398278,0.3743588048339229,155,21.4,FlexiBO+RF-Log,BERT-SQuAD,0.32146629098446544,0.0023304194470286587
156,0.4689941271527652,0.2635920637954958,156,0.0,FlexiBO+RF-Log,BERT-SQuAD,0.32146629098446544,0.008632944531999835
157,0.5488046548042648,0.4822662972278056,157,0.0,FlexiBO+RF-Log,BERT-SQuAD,0.32146629098446544,0.009715162073340887
158,0.4946532210887796,0.4478674296317192,158,21.4,FlexiBO+RF-Log,BERT-SQuAD,0.32146629098446544,0.0030866259180910337
159,0.4326244445346085,0.14764850161797574,159,0.0,FlexiBO+RF-Log,BERT-SQuAD,0.32146629098446544,0.003210892841586979
160,0.4207855672490142,0.224634694738123,160,21.4,FlexiBO+RF-Log,BERT-SQuAD,0.32146629098446544,0.0060414722960150866
161,0.4873632352237458,0.5075530317094967,161,0.0,FlexiBO+RF-Log,BERT-SQuAD,0.32146629098446544,0.009856270399639272
162,0.5226516192547997,0.3294901948378881,162,21.4,FlexiBO+RF-Log,BERT-SQuAD,0.32146629098446544,0.00541235152492325
163,0.4036847601681453,0.2902338803911826,163,0.0,FlexiBO+RF-Log,BERT-SQuAD,0.32146629098446544,0.004257646392490224
164,0.3810059464189037,0.4141281190654547,164,0.0,FlexiBO+RF-Log,BERT-SQuAD,0.32146629098446544,0.0052642080028812935
165,0.22775173530227,0.251887272626505,165,0.0,FlexiBO+RF-Log,BERT-SQuAD,0.3213433817040825,0.006930518117558177
166,0.31041544631570184,0.5140103775690621,166,0.0,FlexiBO+RF-Log,BERT-SQuAD,0.3213433817040825,0.006133432818584325
167,0.23977554643041,0.23191565419058105,167,21.4,FlexiBO+RF-Log,BERT-SQuAD,0.32104112257271344,0.007842624388973058
168,0.35741204322021103,0.2734504496402961,168,21.4,FlexiBO+RF-Log,BERT-SQuAD,0.32104112257271344,0.0031939633838055184
169,0.5379727809807093,0.3562001091074907,169,0.0,FlexiBO+RF-Log,BERT-SQuAD,0.32104112257271344,0.008315679407610601
170,0.5177047467233075,0.5098651122267266,170,0.0,FlexiBO+RF-Log,BERT-SQuAD,0.32104112257271344,0.008135577638443192
171,0.2274804382485672,0.4630095440320839,171,21.4,FlexiBO+RF-Log,BERT-SQuAD,0.32104112257271344,0.006851696554036797
172,0.2526738852265201,0.5470120639018589,172,0.0,FlexiBO+RF-Log,BERT-SQuAD,0.32104112257271344,0.0009485177260945899
173,0.5564068451363166,0.5927141697235799,173,0.0,FlexiBO+RF-Log,BERT-SQuAD,0.32104112257271344,0.001129700484903401
174,0.3224095788102329,0.21714878181934008,174,0.0,FlexiBO+RF-Log,BERT-SQuAD,0.32104112257271344,0.00893378085919764
175,0.2420276314215934,0.5939282969893276,175,0.0,FlexiBO+RF-Log,BERT-SQuAD,0.32104112257271344,0.0053222332323148115
176,0.33642732062086306,0.2488185133444985,176,0.0,FlexiBO+RF-Log,BERT-SQuAD,0.32104112257271344,0.003677117611212828
177,0.2604826192674968,0.5305157017845326,177,0.0,FlexiBO+RF-Log,BERT-SQuAD,0.32104112257271344,0.00015114957920857043
178,0.476334970393694,0.3137545800948549,178,0.0,FlexiBO+RF-Log,BERT-SQuAD,0.32104112257271344,0.0012251576475856996
179,0.5006684431921162,0.474562766129528,179,0.0,FlexiBO+RF-Log,BERT-SQuAD,0.32104112257271344,0.005865760067678536
180,0.5341539621740914,0.4411551474979491,180,0.0,FlexiBO+RF-Log,BERT-SQuAD,0.32104112257271344,0.004204818251569198
181,0.37055299832620303,0.2024097145012987,181,0.0,FlexiBO+RF-Log,BERT-SQuAD,0.32104112257271344,0.0012861749172069902
182,0.2354743621499591,0.3255676564404708,182,0.0,FlexiBO+RF-Log,BERT-SQuAD,0.32104112257271344,0.00733505077720669
183,0.4049178352448175,0.5450093490412395,183,0.0,FlexiBO+RF-Log,BERT-SQuAD,0.32104112257271344,0.001264765405158127
184,0.3624010501809347,0.2796655007369282,184,0.0,FlexiBO+RF-Log,BERT-SQuAD,0.32104112257271344,0.009823014432435828
185,0.3421609456841723,0.4507957377864555,185,21.4,FlexiBO+RF-Log,BERT-SQuAD,0.32104112257271344,0.008335953165805774
186,0.27792778374404903,0.5264044129159269,186,0.0,FlexiBO+RF-Log,BERT-SQuAD,0.32104112257271344,0.004649165217029128
187,0.34694300857756283,0.2278230398970103,187,0.0,FlexiBO+RF-Log,BERT-SQuAD,0.32104112257271344,0.001023254086919939
188,0.3739657581530596,0.4215601013086149,188,0.0,FlexiBO+RF-Log,BERT-SQuAD,0.32104112257271344,0.003963120400811594
189,0.5582533693301391,0.18315177860598855,189,21.4,FlexiBO+RF-Log,BERT-SQuAD,0.32104112257271344,0.0019394533211700372
190,0.3764144074372928,0.16841030511941465,190,0.0,FlexiBO+RF-Log,BERT-SQuAD,0.32104112257271344,0.008018331774004525
191,0.318219041901632,0.3168723572233278,191,0.0,FlexiBO+RF-Log,BERT-SQuAD,0.32104112257271344,0.008245649796322783
192,0.3361054556480796,0.397323381318363,192,0.0,FlexiBO+RF-Log,BERT-SQuAD,0.32104112257271344,0.006717291681034781
193,0.2803856974723152,0.44393142465288893,193,0.0,FlexiBO+RF-Log,BERT-SQuAD,0.32104112257271344,0.00047435306653833555
194,0.3768258663096353,0.5000146525448557,194,0.0,FlexiBO+RF-Log,BERT-SQuAD,0.32104112257271344,0.004924984459356085
195,0.2360684066799635,0.3782524926376351,195,0.0,FlexiBO+RF-Log,BERT-SQuAD,0.32104112257271344,0.0018839106823335383
196,0.4391387488616755,0.4050410793607349,196,21.4,FlexiBO+RF-Log,BERT-SQuAD,0.32104112257271344,0.0016561452157649727
197,0.4490538044235475,0.5530093605273485,197,0.0,FlexiBO+RF-Log,BERT-SQuAD,0.32104112257271333,0.0025549047861970165
198,0.3437591969664412,0.4505927779259242,198,0.0,FlexiBO+RF-Log,BERT-SQuAD,0.32104112257271333,0.004880047141788258
199,0.36719125295931776,0.38354932421098403,199,0.0,FlexiBO+RF-Log,BERT-SQuAD,0.32104112257271333,0.005560799601356068
0,0.27044057123202997,0.37068005762020895,0,0.0,FlexiBO+GP-Ratio,BERT-SQuAD,0.5408737023251078,0.0034024280031225485
1,0.5559942084036745,0.20651406652407286,1,0.0,FlexiBO+GP-Ratio,BERT-SQuAD,0.46798305149527253,0.007573994969615064
2,0.3082203623014499,0.4340627597570436,2,0.0,FlexiBO+GP-Ratio,BERT-SQuAD,0.46798305149527253,0.005170493024569179
3,0.5374483418197994,0.3039412117451685,3,0.0,FlexiBO+GP-Ratio,BERT-SQuAD,0.4667453217637123,0.00782986446155052
4,0.4139029253354021,0.18054768966670215,4,21.4,FlexiBO+GP-Ratio,BERT-SQuAD,0.4294376776685045,0.006038622855904645
5,0.2603616618981713,0.3202127170342579,5,0.0,FlexiBO+GP-Ratio,BERT-SQuAD,0.41534599979138553,0.0007110955743122771
6,0.3300630032713148,0.16482361217113234,6,0.0,FlexiBO+GP-Ratio,BERT-SQuAD,0.39310235352809986,0.0008908513884789782
7,0.30766030368603997,0.558302621084797,7,0.0,FlexiBO+GP-Ratio,BERT-SQuAD,0.39310235352809986,0.00311728529896668
8,0.33337589994771444,0.1533417859740094,8,0.0,FlexiBO+GP-Ratio,BERT-SQuAD,0.38544829147248594,0.0023816080997994316
9,0.438941455948254,0.3705488634166084,9,21.4,FlexiBO+GP-Ratio,BERT-SQuAD,0.38544829147248594,0.0016296758111808607
10,0.3910596902123925,0.5748584009254045,10,0.0,FlexiBO+GP-Ratio,BERT-SQuAD,0.38544829147248594,0.000951883149927939
11,0.4003284285861629,0.329197208509883,11,0.0,FlexiBO+GP-Ratio,BERT-SQuAD,0.38544829147248594,0.001511889358567874
12,0.20517349798501566,0.2876511882430033,12,0.0,FlexiBO+GP-Ratio,BERT-SQuAD,0.34386548625198865,0.0003072709046314792
13,0.4399223670132008,0.2410339804087821,13,0.0,FlexiBO+GP-Ratio,BERT-SQuAD,0.34386548625198854,0.007898323502469282
14,0.472560540755332,0.15719057370387962,14,0.0,FlexiBO+GP-Ratio,BERT-SQuAD,0.34386548625198854,0.008719689703226532
15,0.31232653966770624,0.4396256932161953,15,0.0,FlexiBO+GP-Ratio,BERT-SQuAD,0.34386548625198854,0.008438576865901546
16,0.4494435540300069,0.17239246287917626,16,0.0,FlexiBO+GP-Ratio,BERT-SQuAD,0.34386548625198854,0.006787008500426771
17,0.3657314999656319,0.4633105293732985,17,0.0,FlexiBO+GP-Ratio,BERT-SQuAD,0.34386548625198865,0.009593896408095368
18,0.5279915618169699,0.39974730143175424,18,0.0,FlexiBO+GP-Ratio,BERT-SQuAD,0.34386548625198865,0.00046466363014719845
19,0.4182554526692224,0.14933623629694318,19,0.0,FlexiBO+GP-Ratio,BERT-SQuAD,0.34153527956829277,0.0026789281627991038
20,0.3764714314717637,0.5632976058530994,20,0.0,FlexiBO+GP-Ratio,BERT-SQuAD,0.34153527956829266,0.00023955046781238388
21,0.5360647575747788,0.31781525103377345,21,0.0,FlexiBO+GP-Ratio,BERT-SQuAD,0.34153527956829266,0.004233061433242952
22,0.192506280403033,0.308473734199385,22,21.4,FlexiBO+GP-Ratio,BERT-SQuAD,0.3327755658957403,0.009762778312137867
23,0.51090751748124,0.2548900000875839,23,0.0,FlexiBO+GP-Ratio,BERT-SQuAD,0.3327755658957403,0.003076289987391496
24,0.487720391849452,0.18129265454620866,24,0.0,FlexiBO+GP-Ratio,BERT-SQuAD,0.3327755658957403,0.0017006187992740307
25,0.34165211813174,0.4988848238921886,25,0.0,FlexiBO+GP-Ratio,BERT-SQuAD,0.3327755658957403,0.0006354051695339902
26,0.3658271279161353,0.2600672524470916,26,21.4,FlexiBO+GP-Ratio,BERT-SQuAD,0.3327755658957403,0.007595099166770324
27,0.4882485682841378,0.3662009925627432,27,0.0,FlexiBO+GP-Ratio,BERT-SQuAD,0.3327755658957403,0.005903805090436462
28,0.4349410169899884,0.4798623900309262,28,0.0,FlexiBO+GP-Ratio,BERT-SQuAD,0.3327755658957403,0.0038340634968639267
29,0.5226453245325298,0.4009464310779122,29,0.0,FlexiBO+GP-Ratio,BERT-SQuAD,0.3327755658957403,0.004612078915457101
30,0.19451890197679975,0.4258146803271535,30,0.0,FlexiBO+GP-Ratio,BERT-SQuAD,0.3327755658957403,0.0028767337739037204
31,0.3973144848277769,0.2867335779622354,31,0.0,FlexiBO+GP-Ratio,BERT-SQuAD,0.3327755658957403,0.009349887681780873
32,0.42285896330417294,0.22930973522402495,32,0.0,FlexiBO+GP-Ratio,BERT-SQuAD,0.3327755658957403,0.009529163826676732
33,0.4001718016998564,0.3479060686159122,33,0.0,FlexiBO+GP-Ratio,BERT-SQuAD,0.3327755658957403,0.000929982090022694
34,0.3687256957912343,0.4647461364372455,34,0.0,FlexiBO+GP-Ratio,BERT-SQuAD,0.3327755658957403,0.004322901219729919
35,0.483738508004543,0.4959968883573485,35,0.0,FlexiBO+GP-Ratio,BERT-SQuAD,0.3327755658957403,0.007119252423738468
36,0.2425517862079964,0.3268370332391402,36,0.0,FlexiBO+GP-Ratio,BERT-SQuAD,0.3327755658957403,0.000575105340748181
37,0.3801207810215227,0.4519987847835864,37,0.0,FlexiBO+GP-Ratio,BERT-SQuAD,0.3327755658957403,0.0016183495836871941
38,0.452983295357923,0.5670541934842779,38,0.0,FlexiBO+GP-Ratio,BERT-SQuAD,0.3327755658957403,0.003258092388199
39,0.3466213933448715,0.5457762769525054,39,0.0,FlexiBO+GP-Ratio,BERT-SQuAD,0.3327755658957403,0.006296946921468085
40,0.4218693163401691,0.25654898337109633,40,0.0,FlexiBO+GP-Ratio,BERT-SQuAD,0.3327755658957403,0.0074313107221362276
41,0.3903433659931725,0.256280522315994,41,21.4,FlexiBO+GP-Ratio,BERT-SQuAD,0.3327755658957403,0.0022371891330120342
42,0.5153134401823432,0.17887664102298753,42,0.0,FlexiBO+GP-Ratio,BERT-SQuAD,0.3327755658957403,0.0017850783982964857
43,0.3883007322380837,0.4977983937336874,43,0.0,FlexiBO+GP-Ratio,BERT-SQuAD,0.3327755658957403,0.005507572678144292
44,0.3231386560271111,0.5567968439604382,44,0.0,FlexiBO+GP-Ratio,BERT-SQuAD,0.3327755658957403,0.002703089973892564
45,0.2167859417956906,0.50978305240202,45,0.0,FlexiBO+GP-Ratio,BERT-SQuAD,0.3327755658957403,0.00727939888270816
46,0.27408215531343205,0.5002364803620829,46,0.0,FlexiBO+GP-Ratio,BERT-SQuAD,0.3327755658957403,0.0063262010876942686
47,0.30694155566703274,0.32953330888564863,47,0.0,FlexiBO+GP-Ratio,BERT-SQuAD,0.3327755658957403,0.006623596075684354
48,0.4749265224632726,0.2879973174865621,48,0.0,FlexiBO+GP-Ratio,BERT-SQuAD,0.3327755658957403,0.004784067289001392
49,0.4442157882234555,0.22209685495516784,49,21.4,FlexiBO+GP-Ratio,BERT-SQuAD,0.3327755658957403,0.003624788605031156
50,0.2644117847977409,0.5703454524577325,50,0.0,FlexiBO+GP-Ratio,BERT-SQuAD,0.3327755658957403,0.005379379468237923
51,0.5283182313286642,0.27657410439647545,51,0.0,FlexiBO+GP-Ratio,BERT-SQuAD,0.3327755658957403,0.003921951818676901
52,0.27099289122965803,0.14506777104685098,52,21.4,FlexiBO+GP-Ratio,BERT-SQuAD,0.3211022473353409,0.0019097397396810622
53,0.19030346598288894,0.314643131505852,53,0.0,FlexiBO+GP-Ratio,BERT-SQuAD,0.31959253334247717,0.00643729139685327
54,0.4096147683980066,0.5516036869590113,54,0.0,FlexiBO+GP-Ratio,BERT-SQuAD,0.3195925333424773,0.0055483147507017
55,0.38837093939812506,0.3575373639507798,55,0.0,FlexiBO+GP-Ratio,BERT-SQuAD,0.3195925333424773,0.008392652568259343
56,0.3325968062003125,0.5748866241744349,56,0.0,FlexiBO+GP-Ratio,BERT-SQuAD,0.3195925333424773,0.008086962167181102
57,0.2732398813800859,0.4763639443351018,57,21.4,FlexiBO+GP-Ratio,BERT-SQuAD,0.3195925333424773,0.007077202815643583
58,0.2715239911751198,0.2621892281478848,58,0.0,FlexiBO+GP-Ratio,BERT-SQuAD,0.3195925333424773,0.007261127228923133
59,0.4307107976518485,0.5686991785025672,59,21.4,FlexiBO+GP-Ratio,BERT-SQuAD,0.3195925333424773,0.005804229680247266
60,0.4190733615416901,0.22318553883841669,60,21.4,FlexiBO+GP-Ratio,BERT-SQuAD,0.3195925333424773,0.0009674518754164619
61,0.2953959275417269,0.1832017093488318,61,0.0,FlexiBO+GP-Ratio,BERT-SQuAD,0.3195925333424773,0.0017322815275503335
62,0.5140734592937006,0.2529725134720641,62,0.0,FlexiBO+GP-Ratio,BERT-SQuAD,0.3195925333424773,0.0027055013320822787
63,0.4741593869961088,0.5828713494108823,63,0.0,FlexiBO+GP-Ratio,BERT-SQuAD,0.3195925333424773,0.0012938514687654723
64,0.26475028673045004,0.539385006760926,64,0.0,FlexiBO+GP-Ratio,BERT-SQuAD,0.31959253334247717,0.0008080378767131136
65,0.36773697920286,0.5043208329646263,65,0.0,FlexiBO+GP-Ratio,BERT-SQuAD,0.31959253334247717,0.0027019366189937675
66,0.3021738017812266,0.42417351621269983,66,0.0,FlexiBO+GP-Ratio,BERT-SQuAD,0.31959253334247717,0.007482380561792203
67,0.2905350797608999,0.3375709660196113,67,0.0,FlexiBO+GP-Ratio,BERT-SQuAD,0.31959253334247717,0.0027710813564973636
68,0.2506800774049835,0.4531832001458124,68,0.0,FlexiBO+GP-Ratio,BERT-SQuAD,0.31959253334247717,0.005152487735245054
69,0.53406860597699,0.5281903862903823,69,0.0,FlexiBO+GP-Ratio,BERT-SQuAD,0.31959253334247717,0.0020509826555135382
70,0.4288694124731984,0.14185541205035762,70,0.0,FlexiBO+GP-Ratio,BERT-SQuAD,0.31775785686146296,0.0060614884607249125
71,0.34038748113617995,0.3493535790213852,71,0.0,FlexiBO+GP-Ratio,BERT-SQuAD,0.31775785686146296,0.008692368845953346
72,0.2620852899607644,0.2647305358266031,72,0.0,FlexiBO+GP-Ratio,BERT-SQuAD,0.31755368882891477,0.0020862352219744094
73,0.3097286209159201,0.2299862982441383,73,0.0,FlexiBO+GP-Ratio,BERT-SQuAD,0.31755368882891477,0.003884595418901422
74,0.2535141438807351,0.5278266997155734,74,0.0,FlexiBO+GP-Ratio,BERT-SQuAD,0.31755368882891477,0.00362747473582813
75,0.5165631437836367,0.4262916517729656,75,0.0,FlexiBO+GP-Ratio,BERT-SQuAD,0.31755368882891477,0.006389470505451639
76,0.322298170685873,0.4837550601393744,76,21.4,FlexiBO+GP-Ratio,BERT-SQuAD,0.31755368882891477,0.005129512208217032
77,0.4664800505462433,0.39214556256724,77,0.0,FlexiBO+GP-Ratio,BERT-SQuAD,0.31755368882891477,0.007007921612123258
78,0.4664009370263846,0.20298108476796786,78,21.4,FlexiBO+GP-Ratio,BERT-SQuAD,0.31755368882891477,0.0007922551786266341
79,0.3743344138767237,0.22494957952842048,79,0.0,FlexiBO+GP-Ratio,BERT-SQuAD,0.31755368882891477,0.005415433044695201
80,0.2829090500088468,0.5934592069877196,80,0.0,FlexiBO+GP-Ratio,BERT-SQuAD,0.31755368882891477,0.006109244610223219
81,0.27412231878970794,0.5091521130351183,81,0.0,FlexiBO+GP-Ratio,BERT-SQuAD,0.31755368882891477,0.0007679598917253472
82,0.2614997950120539,0.3502336735857879,82,0.0,FlexiBO+GP-Ratio,BERT-SQuAD,0.31755368882891477,0.0035315028255984847
83,0.41644729283605375,0.2389968895318997,83,0.0,FlexiBO+GP-Ratio,BERT-SQuAD,0.31755368882891477,0.0019257195710532405
84,0.358655674833302,0.561164066610786,84,0.0,FlexiBO+GP-Ratio,BERT-SQuAD,0.31755368882891477,0.0023824539097065524
85,0.4578441907211497,0.44234404597559296,85,0.0,FlexiBO+GP-Ratio,BERT-SQuAD,0.31755368882891477,0.0036044686967202913
86,0.4969469318544124,0.3364338392663301,86,0.0,FlexiBO+GP-Ratio,BERT-SQuAD,0.31755368882891477,0.00923087293004097
87,0.542594149799954,0.23250650161090136,87,21.4,FlexiBO+GP-Ratio,BERT-SQuAD,0.31755368882891477,0.008709958337534959
88,0.3727133203848163,0.16267997410944204,88,21.4,FlexiBO+GP-Ratio,BERT-SQuAD,0.31755368882891477,0.005829246983198958
89,0.4179459084538341,0.4790726193385298,89,0.0,FlexiBO+GP-Ratio,BERT-SQuAD,0.31755368882891477,0.006228092731307819
90,0.4863083369936405,0.5475461079656276,90,0.0,FlexiBO+GP-Ratio,BERT-SQuAD,0.31755368882891477,0.0017986583147831415
91,0.4479861641795848,0.356076128352528,91,0.0,FlexiBO+GP-Ratio,BERT-SQuAD,0.31755368882891477,0.0017237480782401839
92,0.4591573081245162,0.5193637292317805,92,0.0,FlexiBO+GP-Ratio,BERT-SQuAD,0.31755368882891477,0.003852490832919907
93,0.192968011367052,0.25174051187417,93,0.0,FlexiBO+GP-Ratio,BERT-SQuAD,0.31470178134597737,0.007079009070514802
94,0.3991809600968218,0.4730217202436151,94,0.0,FlexiBO+GP-Ratio,BERT-SQuAD,0.31470178134597737,0.0006187125425170148
95,0.5499968612210342,0.5238816278481444,95,0.0,FlexiBO+GP-Ratio,BERT-SQuAD,0.31470178134597737,0.0043284363592171506
96,0.33120164909638306,0.2297535422839797,96,0.0,FlexiBO+GP-Ratio,BERT-SQuAD,0.31470178134597737,0.008881896393102218
97,0.20953401731478236,0.27746402671976633,97,0.0,FlexiBO+GP-Ratio,BERT-SQuAD,0.31470178134597737,0.0020375914191857326
98,0.3906482345344674,0.4032188409121542,98,21.4,FlexiBO+GP-Ratio,BERT-SQuAD,0.31470178134597737,0.0048650604892107345
99,0.2404224694676423,0.245052991568074,99,0.0,FlexiBO+GP-Ratio,BERT-SQuAD,0.3144973410296781,0.0030136513903244876
100,0.4966595830911318,0.2198518541437502,100,21.4,FlexiBO+GP-Ratio,BERT-SQuAD,0.3144973410296781,0.0006085240849062068
101,0.5566852193227463,0.14314637405313113,101,0.0,FlexiBO+GP-Ratio,BERT-SQuAD,0.3144973410296781,0.00039032925666222627
102,0.529690161392841,0.4023844776753132,102,21.4,FlexiBO+GP-Ratio,BERT-SQuAD,0.3144973410296781,0.002468120217345162
103,0.2891222714920602,0.22461390266137146,103,0.0,FlexiBO+GP-Ratio,BERT-SQuAD,0.3144973410296781,0.005860319309385318
104,0.488636182678978,0.4273902159074571,104,21.4,FlexiBO+GP-Ratio,BERT-SQuAD,0.3144973410296781,0.003636472261089603
105,0.28259069778298906,0.3137077618629004,105,0.0,FlexiBO+GP-Ratio,BERT-SQuAD,0.3144973410296781,0.003753351308550169
106,0.5467793848423657,0.2670799600111474,106,0.0,FlexiBO+GP-Ratio,BERT-SQuAD,0.3144973410296781,0.005375682866426182
107,0.1947510772084608,0.33220909459764025,107,0.0,FlexiBO+GP-Ratio,BERT-SQuAD,0.3144973410296781,0.0012794687213960765
108,0.21854901126483287,0.4728180761089996,108,0.0,FlexiBO+GP-Ratio,BERT-SQuAD,0.3144973410296781,0.002068805799440818
109,0.503707071274214,0.1756012421875942,109,0.0,FlexiBO+GP-Ratio,BERT-SQuAD,0.3144973410296781,0.0007640714333153998
110,0.30695935924914064,0.19698384906516747,110,0.0,FlexiBO+GP-Ratio,BERT-SQuAD,0.3144973410296781,0.0035098040989395463
111,0.4332702859956452,0.5351486206573106,111,0.0,FlexiBO+GP-Ratio,BERT-SQuAD,0.3144973410296781,0.00493695209130801
112,0.28231550795872074,0.3902966059802849,112,0.0,FlexiBO+GP-Ratio,BERT-SQuAD,0.3144973410296781,0.00948894608922965
113,0.2537411544706892,0.3307679559025625,113,21.4,FlexiBO+GP-Ratio,BERT-SQuAD,0.3144973410296781,0.0019889411134337365
114,0.32621304689842817,0.5926443090502378,114,0.0,FlexiBO+GP-Ratio,BERT-SQuAD,0.3144973410296781,0.001295443087094318
115,0.21368515938822705,0.5732690533507993,115,0.0,FlexiBO+GP-Ratio,BERT-SQuAD,0.3144973410296781,0.003965489261009639
116,0.5495522828735393,0.22019734428895935,116,0.0,FlexiBO+GP-Ratio,BERT-SQuAD,0.3144973410296781,0.003340234802387202
117,0.5403826353957634,0.4419056742041864,117,0.0,FlexiBO+GP-Ratio,BERT-SQuAD,0.31449734102967797,0.008027240009411485
118,0.496530245056865,0.4026264741550006,118,21.4,FlexiBO+GP-Ratio,BERT-SQuAD,0.3144973410296781,0.0016842541976271753
119,0.5449128747821135,0.2515457508139823,119,0.0,FlexiBO+GP-Ratio,BERT-SQuAD,0.3144973410296781,0.0041981349792613665
120,0.5168813217050705,0.1894372557040292,120,0.0,FlexiBO+GP-Ratio,BERT-SQuAD,0.3144973410296781,0.006751615794719527
121,0.5388886223992092,0.29034677833134426,121,0.0,FlexiBO+GP-Ratio,BERT-SQuAD,0.31449734102967797,0.001003431310074746
122,0.4697482766508393,0.5575442880990251,122,0.0,FlexiBO+GP-Ratio,BERT-SQuAD,0.31449734102967797,0.0035348354157911646
123,0.5561705470792772,0.3199026931704255,123,0.0,FlexiBO+GP-Ratio,BERT-SQuAD,0.31449734102967797,0.0015870626118078535
124,0.39837066392491133,0.4734987541166021,124,0.0,FlexiBO+GP-Ratio,BERT-SQuAD,0.31449734102967786,0.00034328884660096205
125,0.3343320490579227,0.26934585512331066,125,0.0,FlexiBO+GP-Ratio,BERT-SQuAD,0.31449734102967786,0.0023931397320019923
126,0.2665396039993803,0.5785360113300935,126,0.0,FlexiBO+GP-Ratio,BERT-SQuAD,0.31449734102967786,0.0071521842478973275
127,0.5390050046133387,0.2006003366133922,127,0.0,FlexiBO+GP-Ratio,BERT-SQuAD,0.31449734102967786,0.0016851854991612259
128,0.228849528543497,0.5302284110280192,128,0.0,FlexiBO+GP-Ratio,BERT-SQuAD,0.31449734102967786,0.009145606505287642
129,0.29530152403106025,0.14553259898597182,129,0.0,FlexiBO+GP-Ratio,BERT-SQuAD,0.31449734102967786,0.001684170908310927
130,0.3741471382370194,0.26060555516251466,130,0.0,FlexiBO+GP-Ratio,BERT-SQuAD,0.31449734102967786,0.00030089605297489497
131,0.24234275960634385,0.3613111671073149,131,0.0,FlexiBO+GP-Ratio,BERT-SQuAD,0.31449734102967786,0.008144291891075805
132,0.531017012658104,0.14652090864807793,132,0.0,FlexiBO+GP-Ratio,BERT-SQuAD,0.31449734102967786,7.263594135416107e-05
133,0.4083787847423955,0.31880288934703993,133,0.0,FlexiBO+GP-Ratio,BERT-SQuAD,0.31449734102967786,0.0032395907797760602
134,0.2647783182152495,0.48507853106108895,134,0.0,FlexiBO+GP-Ratio,BERT-SQuAD,0.31449734102967786,0.0033359576157273876
135,0.525918666176946,0.5867848819025081,135,0.0,FlexiBO+GP-Ratio,BERT-SQuAD,0.31449734102967786,0.0024431132394132893
136,0.4084003492234025,0.4526546459725268,136,0.0,FlexiBO+GP-Ratio,BERT-SQuAD,0.31449734102967786,0.004974306078574044
137,0.30197015688902035,0.4682797569630615,137,0.0,FlexiBO+GP-Ratio,BERT-SQuAD,0.31449734102967786,0.00034127602731028327
138,0.2938639908423975,0.2525561690519692,138,21.4,FlexiBO+GP-Ratio,BERT-SQuAD,0.31449734102967786,0.002896624007218839
139,0.19342934628613392,0.3958771437556301,139,0.0,FlexiBO+GP-Ratio,BERT-SQuAD,0.31449734102967786,0.0070288800979256775
140,0.2767979659435465,0.17959374594858196,140,0.0,FlexiBO+GP-Ratio,BERT-SQuAD,0.31449734102967786,0.0039069139216378005
141,0.4068510813280999,0.4313138343277815,141,0.0,FlexiBO+GP-Ratio,BERT-SQuAD,0.31449734102967786,0.0035751180764916736
142,0.31263631955075843,0.1686669563466917,142,0.0,FlexiBO+GP-Ratio,BERT-SQuAD,0.31449734102967786,0.005538607890510088
143,0.43279748565835935,0.3224412144429628,143,0.0,FlexiBO+GP-Ratio,BERT-SQuAD,0.31449734102967786,0.0075541182599337285
144,0.5373280743943626,0.29191190063227523,144,0.0,FlexiBO+GP-Ratio,BERT-SQuAD,0.31449734102967786,0.0033438400490456745
145,0.5194352630557222,0.3344725555857667,145,0.0,FlexiBO+GP-Ratio,BERT-SQuAD,0.31449734102967786,0.004220892337025993
146,0.1968358584339469,0.4816874202685265,146,21.4,FlexiBO+GP-Ratio,BERT-SQuAD,0.31449734102967786,0.007008055106142507
147,0.226996631420824,0.38425768562292417,147,0.0,FlexiBO+GP-Ratio,BERT-SQuAD,0.31449734102967786,0.009808390837698286
148,0.3500960377527363,0.35742091004534965,148,0.0,FlexiBO+GP-Ratio,BERT-SQuAD,0.31449734102967786,0.0012798775865604229
149,0.3603905182406593,0.5068319843557312,149,21.4,FlexiBO+GP-Ratio,BERT-SQuAD,0.31449734102967786,0.008264778830238673
150,0.4508877428093542,0.2082246866612948,150,21.4,FlexiBO+GP-Ratio,BERT-SQuAD,0.31449734102967786,0.001601124151565061
151,0.3754881557146852,0.352955363403456,151,0.0,FlexiBO+GP-Ratio,BERT-SQuAD,0.31449734102967786,0.0063285323677064
152,0.25612021734668083,0.4414595037614105,152,0.0,FlexiBO+GP-Ratio,BERT-SQuAD,0.31449734102967786,0.003098473513241783
153,0.379346631396524,0.25089176491586385,153,0.0,FlexiBO+GP-Ratio,BERT-SQuAD,0.31449734102967786,0.0010186089254723607
154,0.4625031141928846,0.4800169539906662,154,21.4,FlexiBO+GP-Ratio,BERT-SQuAD,0.31449734102967786,0.006428781237579876
155,0.19880287696997612,0.4906709108229058,155,0.0,FlexiBO+GP-Ratio,BERT-SQuAD,0.31449734102967786,0.00886331934259843
156,0.3229366010843032,0.14030079786125618,156,0.0,FlexiBO+GP-Ratio,BERT-SQuAD,0.3131044744431133,0.0003399540699695591
157,0.3028416911469537,0.3372762323310587,157,0.0,FlexiBO+GP-Ratio,BERT-SQuAD,0.3131044744431133,0.0009324561650466933
158,0.19437230851273105,0.24387657306444704,158,0.0,FlexiBO+GP-Ratio,BERT-SQuAD,0.3127063751853614,0.005955178001626911
159,0.4866542063215834,0.3943970946824817,159,21.4,FlexiBO+GP-Ratio,BERT-SQuAD,0.3127063751853614,0.005235823843714611
160,0.32193285072759026,0.4521776213358622,160,21.4,FlexiBO+GP-Ratio,BERT-SQuAD,0.3127063751853614,0.005029847122752566
161,0.3858674584154304,0.2617602542034045,161,0.0,FlexiBO+GP-Ratio,BERT-SQuAD,0.3127063751853614,0.004904256235441451
162,0.3254792709495776,0.5954005995883853,162,0.0,FlexiBO+GP-Ratio,BERT-SQuAD,0.3127063751853614,0.007504446530430176
163,0.4721186172316656,0.14505573876412348,163,0.0,FlexiBO+GP-Ratio,BERT-SQuAD,0.3127063751853614,0.004047036051813263
164,0.4982387894205498,0.1548944312261119,164,21.4,FlexiBO+GP-Ratio,BERT-SQuAD,0.3127063751853614,0.002712160150989862
165,0.492345725515457,0.17081122791118644,165,0.0,FlexiBO+GP-Ratio,BERT-SQuAD,0.3127063751853614,0.005243481572524057
166,0.21344660250240904,0.5988687233352321,166,0.0,FlexiBO+GP-Ratio,BERT-SQuAD,0.3127063751853614,0.007021000658340051
167,0.2189531423762863,0.4158125963369234,167,0.0,FlexiBO+GP-Ratio,BERT-SQuAD,0.3127063751853614,0.007413099250827146
168,0.505477372424644,0.3154483387925737,168,0.0,FlexiBO+GP-Ratio,BERT-SQuAD,0.3127063751853614,0.002872587240344895
169,0.3492937303887004,0.3628904413674866,169,21.4,FlexiBO+GP-Ratio,BERT-SQuAD,0.3127063751853614,0.0012430431110480834
170,0.2626909001564978,0.2494251074260449,170,0.0,FlexiBO+GP-Ratio,BERT-SQuAD,0.3127063751853614,0.006346928115587751
171,0.4240475591318894,0.19761191503502226,171,0.0,FlexiBO+GP-Ratio,BERT-SQuAD,0.3127063751853614,0.007280424268229835
172,0.30165531015061153,0.2998245489378633,172,0.0,FlexiBO+GP-Ratio,BERT-SQuAD,0.3127063751853615,0.00932301735367331
173,0.269570178560208,0.197541555446174,173,0.0,FlexiBO+GP-Ratio,BERT-SQuAD,0.3126404537687568,0.009612290418583205
174,0.4716752362935067,0.20271370570020847,174,0.0,FlexiBO+GP-Ratio,BERT-SQuAD,0.3126404537687568,0.003233254143660713
175,0.3522358472714177,0.14330990044098846,175,21.4,FlexiBO+GP-Ratio,BERT-SQuAD,0.3126404537687568,0.0011082980458686287
176,0.2093853780417493,0.35348141859899784,176,0.0,FlexiBO+GP-Ratio,BERT-SQuAD,0.3126404537687568,0.008939356969672265
177,0.3515607697134977,0.18237148986520285,177,21.4,FlexiBO+GP-Ratio,BERT-SQuAD,0.3126404537687568,0.0027706073007880685
178,0.36768913645129137,0.2928809734829709,178,21.4,FlexiBO+GP-Ratio,BERT-SQuAD,0.3126404537687568,0.001885119705350955
179,0.2539665650613378,0.3807556628907591,179,21.4,FlexiBO+GP-Ratio,BERT-SQuAD,0.3126404537687568,0.003320466992767479
180,0.5357555142819381,0.18608382174917534,180,0.0,FlexiBO+GP-Ratio,BERT-SQuAD,0.3126404537687568,0.0063091964275655225
181,0.5537353560948064,0.5254679415182995,181,0.0,FlexiBO+GP-Ratio,BERT-SQuAD,0.3126404537687568,0.006461820274003661
182,0.2837037587260861,0.5875958016083143,182,0.0,FlexiBO+GP-Ratio,BERT-SQuAD,0.3126404537687568,0.009494960301942926
183,0.24037716171631926,0.30336139265463513,183,0.0,FlexiBO+GP-Ratio,BERT-SQuAD,0.3126404537687568,0.004741422145182962
184,0.4281898597764756,0.17482014229437148,184,0.0,FlexiBO+GP-Ratio,BERT-SQuAD,0.3126404537687568,0.006081730563956809
185,0.2118022697328012,0.48104700668166794,185,0.0,FlexiBO+GP-Ratio,BERT-SQuAD,0.3126404537687568,0.0020363187695527107
186,0.4047032212440939,0.40931223348772505,186,0.0,FlexiBO+GP-Ratio,BERT-SQuAD,0.3126404537687568,0.008786132878181948
187,0.5073750598847575,0.5638034123296194,187,0.0,FlexiBO+GP-Ratio,BERT-SQuAD,0.3126404537687568,0.007058352693407895
188,0.4663980804129176,0.24063101833834005,188,0.0,FlexiBO+GP-Ratio,BERT-SQuAD,0.3126404537687568,0.0065207783151037335
189,0.5024309987043303,0.34068635804874725,189,0.0,FlexiBO+GP-Ratio,BERT-SQuAD,0.3126404537687568,0.0037502280478004316
190,0.281744839658563,0.139944240466082,190,0.0,FlexiBO+GP-Ratio,BERT-SQuAD,0.3121879945575311,0.005461657072505164
191,0.2479342987306295,0.5639727035987578,191,0.0,FlexiBO+GP-Ratio,BERT-SQuAD,0.3121879945575311,0.0013587425845582612
192,0.3638495994481685,0.3146554689696824,192,0.0,FlexiBO+GP-Ratio,BERT-SQuAD,0.3121879945575311,0.007842940427459422
193,0.4049490985782273,0.3692602986384538,193,0.0,FlexiBO+GP-Ratio,BERT-SQuAD,0.3121879945575311,0.00843285557709378
194,0.3310452769215597,0.4518982496172986,194,21.4,FlexiBO+GP-Ratio,BERT-SQuAD,0.3121879945575311,0.008686829019601463
195,0.2535763380946898,0.3341479692086986,195,0.0,FlexiBO+GP-Ratio,BERT-SQuAD,0.3121879945575311,0.0051785198334211935
196,0.5242018905145187,0.5267413924455768,196,0.0,FlexiBO+GP-Ratio,BERT-SQuAD,0.3121879945575311,0.007457501440215497
197,0.458792333808697,0.3689921754157631,197,0.0,FlexiBO+GP-Ratio,BERT-SQuAD,0.3121879945575311,0.0007345118397243888
198,0.3236783690696233,0.3478078378156131,198,0.0,FlexiBO+GP-Ratio,BERT-SQuAD,0.3121879945575311,0.004358851601745289
199,0.41242469455993397,0.3195597169488572,199,0.0,FlexiBO+GP-Ratio,BERT-SQuAD,0.3121879945575311,0.001421877631007299
0,0.3834515998746656,0.3853439967371578,0,21.4,FlexiBO+RF-Ratio,BERT-SQuAD,0.6210348245608623,0.0041749951200644965
1,0.3266659876611804,0.4954986987415208,1,0.0,FlexiBO+RF-Ratio,BERT-SQuAD,0.5923864093063996,0.005525214855218336
2,0.5594145040201722,0.14425030130281666,2,0.0,FlexiBO+RF-Ratio,BERT-SQuAD,0.4861640239258509,0.0024688255003263992
3,0.4252291771639016,0.32080743126058475,3,0.0,FlexiBO+RF-Ratio,BERT-SQuAD,0.4775041637931958,0.004262495087139999
4,0.2738448478095956,0.3737858383483501,4,0.0,FlexiBO+RF-Ratio,BERT-SQuAD,0.43703240683646083,0.0036450556857056107
5,0.4126337282665137,0.364211683243333,5,21.4,FlexiBO+RF-Ratio,BERT-SQuAD,0.4369118160551,0.004137856622518214
6,0.28750030543319105,0.15959050632809,6,0.0,FlexiBO+RF-Ratio,BERT-SQuAD,0.3858985796604959,0.0015276017256532614
7,0.3831994020724884,0.1913482813902896,7,0.0,FlexiBO+RF-Ratio,BERT-SQuAD,0.3858985796604959,0.007221480951000648
8,0.26475718468896725,0.20637451219742814,8,0.0,FlexiBO+RF-Ratio,BERT-SQuAD,0.37640030031343796,0.0031895925924699652
9,0.3533622025521032,0.15794963757043484,9,0.0,FlexiBO+RF-Ratio,BERT-SQuAD,0.37606219552951603,0.008321101569858389
10,0.3167374798777732,0.3615913802327493,10,0.0,FlexiBO+RF-Ratio,BERT-SQuAD,0.37606219552951603,0.0034437725925813055
11,0.2968808727049433,0.25841213204508323,11,0.0,FlexiBO+RF-Ratio,BERT-SQuAD,0.37606219552951603,0.009095109908546799
12,0.2283106349936354,0.3922189549016997,12,21.4,FlexiBO+RF-Ratio,BERT-SQuAD,0.35391067346546,0.0019815663267965565
13,0.389931895457928,0.2508981631138568,13,21.4,FlexiBO+RF-Ratio,BERT-SQuAD,0.35391067346546,0.005476207720236584
14,0.4738106889545324,0.4701622025266755,14,0.0,FlexiBO+RF-Ratio,BERT-SQuAD,0.3539106734654601,0.0038678825809992335
15,0.4503356888144949,0.2221280666981255,15,0.0,FlexiBO+RF-Ratio,BERT-SQuAD,0.3539106734654601,0.0015842067745408684
16,0.3982510347096371,0.5427756927857298,16,21.4,FlexiBO+RF-Ratio,BERT-SQuAD,0.3539106734654601,0.0045045778966844386
17,0.31133026765232513,0.2478203936245447,17,0.0,FlexiBO+RF-Ratio,BERT-SQuAD,0.3539106734654601,0.004446568254573327
18,0.24237361437479585,0.5781944783104065,18,0.0,FlexiBO+RF-Ratio,BERT-SQuAD,0.3539106734654601,0.005180135581427796
19,0.2449085861586721,0.3961457348462261,19,0.0,FlexiBO+RF-Ratio,BERT-SQuAD,0.3539106734654601,0.0036417336289100866
20,0.30224705721528355,0.2970381828555802,20,0.0,FlexiBO+RF-Ratio,BERT-SQuAD,0.3539106734654601,0.005622743854988921
21,0.2864679163320927,0.2880795117121248,21,21.4,FlexiBO+RF-Ratio,BERT-SQuAD,0.35391067346546,0.0029783542554674158
22,0.3109459460231916,0.5951183464946117,22,0.0,FlexiBO+RF-Ratio,BERT-SQuAD,0.35391067346546,0.008179749594403353
23,0.4607495476651723,0.38912856318916106,23,0.0,FlexiBO+RF-Ratio,BERT-SQuAD,0.3539106734654601,0.0014513463924640336
24,0.4100583561319512,0.5400675168317624,24,0.0,FlexiBO+RF-Ratio,BERT-SQuAD,0.3539106734654601,0.0039148199451527
25,0.322717492904296,0.2813282065901844,25,0.0,FlexiBO+RF-Ratio,BERT-SQuAD,0.3539106734654601,0.0071735396738361835
26,0.42272679968854415,0.546680580752826,26,0.0,FlexiBO+RF-Ratio,BERT-SQuAD,0.3539106734654601,0.0020187127011530403
27,0.4461177935735625,0.3915851240505658,27,0.0,FlexiBO+RF-Ratio,BERT-SQuAD,0.3539106734654601,0.009198939847469102
28,0.2995470832572216,0.44128985806101,28,21.4,FlexiBO+RF-Ratio,BERT-SQuAD,0.3539106734654601,0.004896652598287366
29,0.3893279416946416,0.4520365188180836,29,0.0,FlexiBO+RF-Ratio,BERT-SQuAD,0.3539106734654601,0.008442222522699907
30,0.4257709224370323,0.1868066201036446,30,0.0,FlexiBO+RF-Ratio,BERT-SQuAD,0.3539106734654601,0.00889013780292158
31,0.2669340899347083,0.4787074516123717,31,0.0,FlexiBO+RF-Ratio,BERT-SQuAD,0.3539106734654601,0.0048151432967071155
32,0.44518328929647705,0.4368839111682489,32,0.0,FlexiBO+RF-Ratio,BERT-SQuAD,0.3539106734654601,0.004427071766389214
33,0.5553293538971834,0.3465237015368357,33,0.0,FlexiBO+RF-Ratio,BERT-SQuAD,0.3539106734654601,0.004347262093464861
34,0.3773213451728986,0.422461717365242,34,0.0,FlexiBO+RF-Ratio,BERT-SQuAD,0.3539106734654601,0.00848018406133853
35,0.2771765014295717,0.4801056460674691,35,0.0,FlexiBO+RF-Ratio,BERT-SQuAD,0.35391067346546023,0.008633211979922084
36,0.2792464140446565,0.5169874654709573,36,0.0,FlexiBO+RF-Ratio,BERT-SQuAD,0.35391067346546023,0.004096157334659278
37,0.2997728278339691,0.5592138093542951,37,21.4,FlexiBO+RF-Ratio,BERT-SQuAD,0.35391067346546023,0.0019044319185854786
38,0.4447145859045041,0.37681933682759017,38,21.4,FlexiBO+RF-Ratio,BERT-SQuAD,0.3539106734654601,0.009468084562433352
39,0.24447191588097766,0.40231054467915295,39,0.0,FlexiBO+RF-Ratio,BERT-SQuAD,0.35391067346546,0.00047738571643451077
40,0.3171535350788539,0.23608489077356246,40,0.0,FlexiBO+RF-Ratio,BERT-SQuAD,0.35391067346546,0.004209708061950343
41,0.252736091147275,0.215533067092494,41,0.0,FlexiBO+RF-Ratio,BERT-SQuAD,0.3517867158806087,0.006386526046624584
42,0.551681550295356,0.3595469088445306,42,0.0,FlexiBO+RF-Ratio,BERT-SQuAD,0.3517867158806087,0.0009228685769474321
43,0.241672406840548,0.269725026146091,43,0.0,FlexiBO+RF-Ratio,BERT-SQuAD,0.3504314817233659,0.005634701794389945
44,0.3059675008656996,0.58999818104614,44,21.4,FlexiBO+RF-Ratio,BERT-SQuAD,0.3504314817233658,0.0017228751708502521
45,0.4469592642215398,0.4969806417717242,45,0.0,FlexiBO+RF-Ratio,BERT-SQuAD,0.3504314817233658,0.000502225536577019
46,0.2381872028598984,0.3218239344931989,46,0.0,FlexiBO+RF-Ratio,BERT-SQuAD,0.35018614071802023,0.006995504515131553
47,0.4774084677032529,0.1674774351279226,47,0.0,FlexiBO+RF-Ratio,BERT-SQuAD,0.35018614071802023,0.00857271634245255
48,0.3580779522450633,0.4024683459998792,48,0.0,FlexiBO+RF-Ratio,BERT-SQuAD,0.35018614071802023,0.004490555187601309
49,0.23178713490637,0.5708356633657538,49,0.0,FlexiBO+RF-Ratio,BERT-SQuAD,0.35018614071802023,0.0020714170261410614
50,0.2906205909296528,0.4540373145017752,50,0.0,FlexiBO+RF-Ratio,BERT-SQuAD,0.35018614071802023,0.008886901277728038
51,0.30157357438232946,0.3931729752407719,51,0.0,FlexiBO+RF-Ratio,BERT-SQuAD,0.35018614071802023,0.0062579504576239
52,0.2717291025048613,0.5579820129646375,52,0.0,FlexiBO+RF-Ratio,BERT-SQuAD,0.35018614071802023,0.005997041580914785
53,0.4903774588955976,0.5064361729842535,53,0.0,FlexiBO+RF-Ratio,BERT-SQuAD,0.35018614071802023,0.007656009845191041
54,0.3870347575262401,0.4546136107486365,54,21.4,FlexiBO+RF-Ratio,BERT-SQuAD,0.35018614071802023,0.0056514198884384
55,0.4346111835524996,0.20056050641689752,55,0.0,FlexiBO+RF-Ratio,BERT-SQuAD,0.35018614071802023,0.006007282154312156
56,0.2769332329533956,0.36072486793674297,56,0.0,FlexiBO+RF-Ratio,BERT-SQuAD,0.35018614071802023,0.002523631502990651
57,0.26920020969028635,0.3626298994834745,57,0.0,FlexiBO+RF-Ratio,BERT-SQuAD,0.35018614071802023,0.004160652255179748
58,0.4440664356223364,0.29369333058848196,58,0.0,FlexiBO+RF-Ratio,BERT-SQuAD,0.35018614071802023,0.005796702873104778
59,0.5518877514298759,0.31900986118939,59,0.0,FlexiBO+RF-Ratio,BERT-SQuAD,0.35018614071802023,0.001990414447026382
60,0.40441613574267,0.4824114599153669,60,0.0,FlexiBO+RF-Ratio,BERT-SQuAD,0.35018614071802023,0.0010171020376916694
61,0.5408951961406874,0.17240008021404268,61,0.0,FlexiBO+RF-Ratio,BERT-SQuAD,0.35018614071802023,0.004532443587026534
62,0.255397766420239,0.21448872094697,62,0.0,FlexiBO+RF-Ratio,BERT-SQuAD,0.350176366245627,0.007616706149493603
63,0.2924450457179631,0.27298813266085625,63,0.0,FlexiBO+RF-Ratio,BERT-SQuAD,0.350176366245627,0.008005511358991314
64,0.3107865697378291,0.4505684690513039,64,0.0,FlexiBO+RF-Ratio,BERT-SQuAD,0.350176366245627,0.00486934429189282
65,0.4240374808317969,0.4981855174642074,65,21.4,FlexiBO+RF-Ratio,BERT-SQuAD,0.350176366245627,0.0018392774285088697
66,0.5581174169051237,0.4546681502635439,66,0.0,FlexiBO+RF-Ratio,BERT-SQuAD,0.350176366245627,0.006234222776720981
67,0.2830777506853484,0.5320825468586369,67,0.0,FlexiBO+RF-Ratio,BERT-SQuAD,0.350176366245627,0.00040416219929537145
68,0.310000870512407,0.4702592790373649,68,0.0,FlexiBO+RF-Ratio,BERT-SQuAD,0.350176366245627,0.005283999213908445
69,0.4191161830915677,0.2187599197816995,69,0.0,FlexiBO+RF-Ratio,BERT-SQuAD,0.350176366245627,0.00995133528190091
70,0.44758816631472575,0.23170681466135784,70,0.0,FlexiBO+RF-Ratio,BERT-SQuAD,0.350176366245627,0.003692728411569396
71,0.5539090500388573,0.3039361155823969,71,0.0,FlexiBO+RF-Ratio,BERT-SQuAD,0.350176366245627,0.008195225948216537
72,0.4888565210144296,0.4581924698764762,72,0.0,FlexiBO+RF-Ratio,BERT-SQuAD,0.350176366245627,0.001989654634845067
73,0.248949098540632,0.231221597725566,73,21.4,FlexiBO+RF-Ratio,BERT-SQuAD,0.350030554046868,0.006004031143453308
74,0.451243774658556,0.5547123534240397,74,0.0,FlexiBO+RF-Ratio,BERT-SQuAD,0.350030554046868,0.007287162651432757
75,0.3111249456660325,0.17674906200308108,75,0.0,FlexiBO+RF-Ratio,BERT-SQuAD,0.350030554046868,0.005186072569165578
76,0.5096622027716489,0.30487221184745844,76,0.0,FlexiBO+RF-Ratio,BERT-SQuAD,0.350030554046868,0.00473724823306256
77,0.35808530715982345,0.5809377115809706,77,0.0,FlexiBO+RF-Ratio,BERT-SQuAD,0.350030554046868,0.008840032239104236
78,0.4764105821838879,0.3431427531891863,78,0.0,FlexiBO+RF-Ratio,BERT-SQuAD,0.350030554046868,0.008066202525522034
79,0.3997566201768862,0.3107877009273712,79,21.4,FlexiBO+RF-Ratio,BERT-SQuAD,0.350030554046868,0.0017337686598916536
80,0.5531989586202777,0.2554761816566047,80,0.0,FlexiBO+RF-Ratio,BERT-SQuAD,0.350030554046868,0.0033402577964158154
81,0.29838967668430605,0.47161598259862797,81,0.0,FlexiBO+RF-Ratio,BERT-SQuAD,0.350030554046868,0.004570349761748578
82,0.4079870193723216,0.20433785774090613,82,0.0,FlexiBO+RF-Ratio,BERT-SQuAD,0.350030554046868,0.008160342364385717
83,0.4517997390154638,0.4380395396985791,83,0.0,FlexiBO+RF-Ratio,BERT-SQuAD,0.350030554046868,0.007573934246150948
84,0.24191327970396306,0.24184992403569006,84,0.0,FlexiBO+RF-Ratio,BERT-SQuAD,0.34983442987836555,0.005715670164966434
85,0.5521461351610674,0.4571095927383884,85,0.0,FlexiBO+RF-Ratio,BERT-SQuAD,0.34983442987836555,0.00675615815043622
86,0.30236448314480513,0.2021037201362091,86,21.4,FlexiBO+RF-Ratio,BERT-SQuAD,0.34983442987836555,0.004941809987221351
87,0.2949902193220789,0.2166850558962165,87,0.0,FlexiBO+RF-Ratio,BERT-SQuAD,0.34983442987836555,0.0035564989654421953
88,0.321022891129035,0.5133253311726581,88,0.0,FlexiBO+RF-Ratio,BERT-SQuAD,0.34983442987836555,0.004988698645112254
89,0.32380227232868697,0.5132590634750323,89,0.0,FlexiBO+RF-Ratio,BERT-SQuAD,0.34983442987836544,0.00023012957376600696
90,0.3898951616973784,0.21311304239889275,90,0.0,FlexiBO+RF-Ratio,BERT-SQuAD,0.34983442987836544,0.008771137217616824
91,0.4983931524785219,0.4576466749824519,91,0.0,FlexiBO+RF-Ratio,BERT-SQuAD,0.34983442987836544,0.0007955412467096212
92,0.5080044251956116,0.4066328595701029,92,21.4,FlexiBO+RF-Ratio,BERT-SQuAD,0.34983442987836544,0.003179565296726703
93,0.257135756577637,0.210187064408293,93,0.0,FlexiBO+RF-Ratio,BERT-SQuAD,0.3498016451122963,0.0011629984881155486
94,0.3475321079786345,0.2782515324896168,94,21.4,FlexiBO+RF-Ratio,BERT-SQuAD,0.3498016451122963,0.008035595793308654
95,0.27745300772749,0.175365958181863,95,0.0,FlexiBO+RF-Ratio,BERT-SQuAD,0.3494900929386786,0.007416553747349939
96,0.21616352784670606,0.2848583387135061,96,0.0,FlexiBO+RF-Ratio,BERT-SQuAD,0.3396140035002937,0.0017376230811514005
97,0.2166201985249784,0.3323933303021923,97,0.0,FlexiBO+RF-Ratio,BERT-SQuAD,0.3396140035002937,0.009568679718608891
98,0.3947469740168993,0.4829962358573647,98,0.0,FlexiBO+RF-Ratio,BERT-SQuAD,0.3396140035002936,0.0042680146658634135
99,0.39422079394291465,0.20037286090761566,99,0.0,FlexiBO+RF-Ratio,BERT-SQuAD,0.3396140035002936,0.000762360751063217
100,0.4330961057152029,0.2652193636456831,100,0.0,FlexiBO+RF-Ratio,BERT-SQuAD,0.33961400350029347,0.0013322099806982735
101,0.4917551732266473,0.5970737989880411,101,0.0,FlexiBO+RF-Ratio,BERT-SQuAD,0.33961400350029347,0.006359654041408043
102,0.5330914185433103,0.17756368402975692,102,21.4,FlexiBO+RF-Ratio,BERT-SQuAD,0.33961400350029347,0.005707589278802091
103,0.28700638303523995,0.5489750564910427,103,0.0,FlexiBO+RF-Ratio,BERT-SQuAD,0.3396140035002936,0.00801717367608725
104,0.4559746810439264,0.39266587989120105,104,21.4,FlexiBO+RF-Ratio,BERT-SQuAD,0.3396140035002936,0.006084400282828091
105,0.5054503164774523,0.2740249384584281,105,0.0,FlexiBO+RF-Ratio,BERT-SQuAD,0.3396140035002937,0.0014299170851302145
106,0.27067429529337306,0.540073741122257,106,0.0,FlexiBO+RF-Ratio,BERT-SQuAD,0.3396140035002937,0.009763022130964458
107,0.4908363663695777,0.3513049055433779,107,21.4,FlexiBO+RF-Ratio,BERT-SQuAD,0.3396140035002937,0.0030685090329642516
108,0.5375303083599166,0.5499710218841163,108,0.0,FlexiBO+RF-Ratio,BERT-SQuAD,0.3396140035002936,0.001330405496161109
109,0.450705652892277,0.3571015677837676,109,21.4,FlexiBO+RF-Ratio,BERT-SQuAD,0.3396140035002936,0.005010515439915066
110,0.3590883320243269,0.5399556739403587,110,21.4,FlexiBO+RF-Ratio,BERT-SQuAD,0.3396140035002936,0.003981109124109558
111,0.499645289244329,0.14500470084549194,111,0.0,FlexiBO+RF-Ratio,BERT-SQuAD,0.3388402947969207,0.008836778837158643
112,0.44785105495651056,0.3997781152169013,112,0.0,FlexiBO+RF-Ratio,BERT-SQuAD,0.3388402947969207,0.007992203435293097
113,0.35422453714056634,0.4810313913678629,113,0.0,FlexiBO+RF-Ratio,BERT-SQuAD,0.3388402947969207,0.009949813352985339
114,0.3342934900977044,0.4002963911280996,114,0.0,FlexiBO+RF-Ratio,BERT-SQuAD,0.3388402947969207,0.00872698827023569
115,0.3061693534813022,0.547365143833524,115,0.0,FlexiBO+RF-Ratio,BERT-SQuAD,0.3388402947969207,0.0029399870606183565
116,0.4954096368584195,0.3952691590156319,116,0.0,FlexiBO+RF-Ratio,BERT-SQuAD,0.3388402947969208,0.009071378555157387
117,0.42165090770118496,0.2650005343028643,117,0.0,FlexiBO+RF-Ratio,BERT-SQuAD,0.3388402947969208,0.008432075396677082
118,0.4249436432891137,0.5508264374064558,118,21.4,FlexiBO+RF-Ratio,BERT-SQuAD,0.3388402947969208,0.0032396262595395663
119,0.4989343814416382,0.4797460494312167,119,0.0,FlexiBO+RF-Ratio,BERT-SQuAD,0.3388402947969208,0.009050421725040076
120,0.2725872040676445,0.3059227429042427,120,0.0,FlexiBO+RF-Ratio,BERT-SQuAD,0.3388402947969208,0.0037326917327395793
121,0.29948519144722463,0.5558791349269573,121,0.0,FlexiBO+RF-Ratio,BERT-SQuAD,0.3388402947969208,0.005539749154233386
122,0.3741151889775909,0.2847991169746302,122,0.0,FlexiBO+RF-Ratio,BERT-SQuAD,0.3388402947969208,0.0023336008709144073
123,0.4593172609789361,0.3187652082910787,123,0.0,FlexiBO+RF-Ratio,BERT-SQuAD,0.3388402947969208,0.004491732314784164
124,0.35480328811966205,0.5031540581512948,124,0.0,FlexiBO+RF-Ratio,BERT-SQuAD,0.3388402947969208,0.0071911365200027725
125,0.4642673519132503,0.4255734816163565,125,21.4,FlexiBO+RF-Ratio,BERT-SQuAD,0.3388402947969208,0.005507421272101281
126,0.494139468113473,0.3859562488429643,126,0.0,FlexiBO+RF-Ratio,BERT-SQuAD,0.3388402947969208,0.0008915879185967002
127,0.2509564940267093,0.4451418726806712,127,0.0,FlexiBO+RF-Ratio,BERT-SQuAD,0.3388402947969208,0.001770219682293458
128,0.4842340206885016,0.249971316551357,128,0.0,FlexiBO+RF-Ratio,BERT-SQuAD,0.3388402947969208,0.0035844169877701794
129,0.4505081640376734,0.20706438249514786,129,0.0,FlexiBO+RF-Ratio,BERT-SQuAD,0.3388402947969208,0.009826676748495564
130,0.4236399689585346,0.3068966323836965,130,0.0,FlexiBO+RF-Ratio,BERT-SQuAD,0.3388402947969208,0.0043786111661852515
131,0.5197551176527276,0.18959269956332336,131,0.0,FlexiBO+RF-Ratio,BERT-SQuAD,0.3388402947969208,0.0022210269193317735
132,0.42370428019757256,0.38734362838006975,132,0.0,FlexiBO+RF-Ratio,BERT-SQuAD,0.3388402947969208,0.006106204658887928
133,0.4417846690405931,0.4654095541527386,133,0.0,FlexiBO+RF-Ratio,BERT-SQuAD,0.3388402947969208,0.0013054393445889546
134,0.5478627314021223,0.25942253487504,134,0.0,FlexiBO+RF-Ratio,BERT-SQuAD,0.3388402947969208,0.006055716156729438
135,0.4205253611561018,0.4556480780225501,135,0.0,FlexiBO+RF-Ratio,BERT-SQuAD,0.3388402947969208,0.005082954079528411
136,0.5324511425681081,0.22464180250252855,136,0.0,FlexiBO+RF-Ratio,BERT-SQuAD,0.3388402947969208,0.004861059716188626
137,0.5375375226370834,0.28323355102331593,137,0.0,FlexiBO+RF-Ratio,BERT-SQuAD,0.3388402947969208,0.009403881373155966
138,0.24168477989740544,0.5578727770480315,138,0.0,FlexiBO+RF-Ratio,BERT-SQuAD,0.3388402947969208,0.007264107172383087
139,0.4082524549854164,0.26154280933162344,139,0.0,FlexiBO+RF-Ratio,BERT-SQuAD,0.3388402947969208,0.005593290397705275
140,0.32526769789886034,0.5177312211210154,140,0.0,FlexiBO+RF-Ratio,BERT-SQuAD,0.3388402947969208,0.007092826600487076
141,0.408582722903848,0.2524854127936634,141,0.0,FlexiBO+RF-Ratio,BERT-SQuAD,0.3388402947969208,0.0028860228125122257
142,0.33224577012936274,0.5673981780547374,142,0.0,FlexiBO+RF-Ratio,BERT-SQuAD,0.3388402947969208,0.009688111246067707
143,0.2861961285115186,0.23019436255500894,143,0.0,FlexiBO+RF-Ratio,BERT-SQuAD,0.3388402947969208,0.005773170185046817
144,0.2951800605507873,0.4026234005261138,144,0.0,FlexiBO+RF-Ratio,BERT-SQuAD,0.3388402947969208,0.0027894039790916938
145,0.3205629364470393,0.2722496522991166,145,0.0,FlexiBO+RF-Ratio,BERT-SQuAD,0.3388402947969208,0.0012069738606025505
146,0.5437002959924384,0.5633775827380754,146,0.0,FlexiBO+RF-Ratio,BERT-SQuAD,0.3388402947969208,0.007055381137578728
147,0.3390572230904209,0.32110147790541543,147,0.0,FlexiBO+RF-Ratio,BERT-SQuAD,0.3388402947969208,0.00892696603995144
148,0.4453302181602018,0.4952471781599185,148,21.4,FlexiBO+RF-Ratio,BERT-SQuAD,0.3388402947969208,0.00343209478500777
149,0.5436689738176558,0.4819934008032556,149,0.0,FlexiBO+RF-Ratio,BERT-SQuAD,0.3388402947969208,0.004098962451212138
150,0.3725999606954164,0.4683528938294464,150,0.0,FlexiBO+RF-Ratio,BERT-SQuAD,0.3388402947969208,0.007286320055023331
151,0.2492958572863757,0.37513805450659865,151,0.0,FlexiBO+RF-Ratio,BERT-SQuAD,0.3388402947969208,0.003661417954883064
152,0.27011551724870514,0.4298264070938367,152,0.0,FlexiBO+RF-Ratio,BERT-SQuAD,0.3388402947969208,0.009655743925275864
153,0.3738070809021719,0.28613539677030114,153,0.0,FlexiBO+RF-Ratio,BERT-SQuAD,0.3388402947969208,0.002267665977278326
154,0.2918711803645634,0.5487326783226002,154,0.0,FlexiBO+RF-Ratio,BERT-SQuAD,0.3388402947969207,0.009615202300478383
155,0.5148318660410007,0.2356063532208577,155,0.0,FlexiBO+RF-Ratio,BERT-SQuAD,0.3388402947969207,0.0032931683742411268
156,0.2349596158027442,0.3667788331903433,156,0.0,FlexiBO+RF-Ratio,BERT-SQuAD,0.3388402947969208,0.0011740422040046783
157,0.350794557695963,0.14886898440964086,157,0.0,FlexiBO+RF-Ratio,BERT-SQuAD,0.33748441976277443,0.0029848813122219466
158,0.3857516972594809,0.2647615521495699,158,0.0,FlexiBO+RF-Ratio,BERT-SQuAD,0.33748441976277443,0.004268644956493149
159,0.4729688677617249,0.199501558471792,159,0.0,FlexiBO+RF-Ratio,BERT-SQuAD,0.33748441976277443,0.00914690747627979
160,0.3008272601275794,0.21507110837922402,160,0.0,FlexiBO+RF-Ratio,BERT-SQuAD,0.33748441976277443,0.003701602678709235
161,0.3375622650932225,0.382600503423868,161,0.0,FlexiBO+RF-Ratio,BERT-SQuAD,0.33748441976277443,0.0027658282954278767
162,0.4421561616299495,0.2568664496957945,162,0.0,FlexiBO+RF-Ratio,BERT-SQuAD,0.33748441976277443,0.006044525878040043
163,0.3019640169297645,0.15911617195859934,163,0.0,FlexiBO+RF-Ratio,BERT-SQuAD,0.33746125775900815,0.008380365657554307
164,0.299530058993953,0.130740971534162,164,0.0,FlexiBO+RF-Ratio,BERT-SQuAD,0.3265025481885532,0.003153763820366772
165,0.5095220331927504,0.5447922549471438,165,0.0,FlexiBO+RF-Ratio,BERT-SQuAD,0.3265025481885532,0.007574017137312051
166,0.263285230841322,0.201220660322252,166,0.0,FlexiBO+RF-Ratio,BERT-SQuAD,0.3264239176641852,0.008894547394713964
167,0.31094742530829306,0.4342464698443301,167,0.0,FlexiBO+RF-Ratio,BERT-SQuAD,0.3264239176641852,0.003488084575123467
168,0.42701832660387984,0.3704501056497095,168,0.0,FlexiBO+RF-Ratio,BERT-SQuAD,0.3264239176641852,0.00658576844946811
169,0.5068017412749337,0.3722955406933072,169,0.0,FlexiBO+RF-Ratio,BERT-SQuAD,0.3264239176641852,0.002816281675813016
170,0.3637442114480437,0.1324372901797798,170,0.0,FlexiBO+RF-Ratio,BERT-SQuAD,0.3264239176641852,0.0012609359644885076
171,0.2211214877556987,0.41779858273409054,171,0.0,FlexiBO+RF-Ratio,BERT-SQuAD,0.3264239176641852,0.0039119911551776295
172,0.3558231137938936,0.4263572693434553,172,0.0,FlexiBO+RF-Ratio,BERT-SQuAD,0.3264239176641852,0.006313247540944457
173,0.2642132656240853,0.3765500058798264,173,0.0,FlexiBO+RF-Ratio,BERT-SQuAD,0.3264239176641852,0.002584951979158976
174,0.229426280925748,0.271496235290328,174,0.0,FlexiBO+RF-Ratio,BERT-SQuAD,0.3262602836631784,0.009895685324790156
175,0.3156213044503325,0.2784156591655824,175,0.0,FlexiBO+RF-Ratio,BERT-SQuAD,0.3262602836631784,0.007684628273555542
176,0.2498588933307012,0.3984092404190647,176,0.0,FlexiBO+RF-Ratio,BERT-SQuAD,0.3262602836631784,0.00216145892057809
177,0.2862192050011374,0.3504753032957532,177,0.0,FlexiBO+RF-Ratio,BERT-SQuAD,0.3262602836631783,0.003770506492931858
178,0.3460441052541674,0.5553983245291046,178,21.4,FlexiBO+RF-Ratio,BERT-SQuAD,0.3262602836631783,0.0097012854151904
179,0.2763803566395205,0.4202211672440983,179,21.4,FlexiBO+RF-Ratio,BERT-SQuAD,0.3262602836631783,0.000943764730291884
180,0.4643422486470068,0.5386775814085631,180,0.0,FlexiBO+RF-Ratio,BERT-SQuAD,0.3262602836631783,0.009646251246229025
181,0.4735044365979837,0.3387041540378422,181,21.4,FlexiBO+RF-Ratio,BERT-SQuAD,0.3262602836631784,0.003695877651353664
182,0.229333824010062,0.261338854872584,182,21.4,FlexiBO+RF-Ratio,BERT-SQuAD,0.32613170056359597,0.002871714076982639
183,0.4351596851662671,0.20462811890295285,183,0.0,FlexiBO+RF-Ratio,BERT-SQuAD,0.32613170056359597,0.00998198216304262
184,0.2967914439511352,0.4004225973002205,184,21.4,FlexiBO+RF-Ratio,BERT-SQuAD,0.32613170056359597,0.007421352632296247
185,0.2950405607754205,0.3565243678069536,185,0.0,FlexiBO+RF-Ratio,BERT-SQuAD,0.32613170056359597,0.008091288434074438
186,0.30546585797500736,0.3844869322709552,186,0.0,FlexiBO+RF-Ratio,BERT-SQuAD,0.32613170056359597,0.003135785910981377
187,0.41678413011449456,0.21173877311097816,187,0.0,FlexiBO+RF-Ratio,BERT-SQuAD,0.32613170056359597,0.004914698731487457
188,0.3954971110128029,0.191876442979738,188,0.0,FlexiBO+RF-Ratio,BERT-SQuAD,0.32613170056359597,0.006944376244366228
189,0.3752609044168112,0.3791967190326753,189,0.0,FlexiBO+RF-Ratio,BERT-SQuAD,0.32613170056359597,0.008299738657605972
190,0.4196857649761877,0.5438384542708471,190,0.0,FlexiBO+RF-Ratio,BERT-SQuAD,0.32613170056359597,0.007656605494336891
191,0.3787252139243409,0.2936050910762661,191,21.4,FlexiBO+RF-Ratio,BERT-SQuAD,0.32613170056359597,0.005029041733159137
192,0.3603895695160045,0.5985729194477609,192,0.0,FlexiBO+RF-Ratio,BERT-SQuAD,0.32613170056359597,0.0036874626953167134
193,0.42001903119121176,0.5138669104781634,193,0.0,FlexiBO+RF-Ratio,BERT-SQuAD,0.32613170056359597,0.006045397979598452
194,0.5576117716695147,0.5806959126477412,194,0.0,FlexiBO+RF-Ratio,BERT-SQuAD,0.32613170056359597,0.00550431635149236
195,0.3831239609339248,0.36325839562669865,195,0.0,FlexiBO+RF-Ratio,BERT-SQuAD,0.32613170056359597,0.008879891892932156
196,0.5367720436793357,0.5556192454685055,196,0.0,FlexiBO+RF-Ratio,BERT-SQuAD,0.32613170056359597,0.0008754625948972162
197,0.3150657113294009,0.1982944072660999,197,0.0,FlexiBO+RF-Ratio,BERT-SQuAD,0.32613170056359597,0.008376669463996187
198,0.2741122734471349,0.372453915430138,198,0.0,FlexiBO+RF-Ratio,BERT-SQuAD,0.32613170056359597,0.0011488890616081372
199,0.3241957744197649,0.16858566457889676,199,21.4,FlexiBO+RF-Ratio,BERT-SQuAD,0.32613170056359597,0.008788588261461295
0,0.4799782573867793,0.30490595725316066,0,21.4,FlexiBO+GP-No Cost,BERT-SQuAD,0.6385359846107201,0.00011132628589275883
1,0.2317277319004931,0.4805363429264968,1,21.4,FlexiBO+GP-No Cost,BERT-SQuAD,0.509578858771195,0.00900472175871859
2,0.5090648202702031,0.21436356160101955,2,21.4,FlexiBO+GP-No Cost,BERT-SQuAD,0.46512841148854467,0.0020319095408519263
3,0.3429773965162757,0.32292704463237065,3,21.4,FlexiBO+GP-No Cost,BERT-SQuAD,0.44353580194105335,0.0031008357792004526
4,0.195682435308281,0.168713713759099,4,21.4,FlexiBO+GP-No Cost,BERT-SQuAD,0.3313818386890953,0.004018959682573838
5,0.19881565804591886,0.31434647290369605,5,21.4,FlexiBO+GP-No Cost,BERT-SQuAD,0.3313818386890953,0.0026930046822498687
6,0.3611025608586835,0.25168400516266515,6,21.4,FlexiBO+GP-No Cost,BERT-SQuAD,0.3313818386890953,0.007716337108211517
7,0.4506743664807754,0.20309535905888654,7,21.4,FlexiBO+GP-No Cost,BERT-SQuAD,0.3313818386890953,0.006960565003161331
8,0.3564379808690838,0.3617225864747744,8,21.4,FlexiBO+GP-No Cost,BERT-SQuAD,0.3313818386890953,0.006647806772791899
9,0.41894729201358505,0.1776170149337702,9,21.4,FlexiBO+GP-No Cost,BERT-SQuAD,0.3313818386890953,0.006211423307932596
10,0.4805671171072013,0.3960042406080736,10,21.4,FlexiBO+GP-No Cost,BERT-SQuAD,0.3313818386890953,0.0007677407817231108
11,0.17905290815943228,0.3114160423714976,11,21.4,FlexiBO+GP-No Cost,BERT-SQuAD,0.31993101307145044,0.009290427961642008
12,0.222179405895117,0.135243064544869,12,21.4,FlexiBO+GP-No Cost,BERT-SQuAD,0.2938968528145619,0.005481847782668164
13,0.3863406865098019,0.3595626842600741,13,21.4,FlexiBO+GP-No Cost,BERT-SQuAD,0.2938968528145619,0.00550959833434514
14,0.1624961145754159,0.4738395168127688,14,21.4,FlexiBO+GP-No Cost,BERT-SQuAD,0.2851853223023646,0.009303330977456939
15,0.4880688284584933,0.3929457199144089,15,21.4,FlexiBO+GP-No Cost,BERT-SQuAD,0.2851853223023646,0.008929316211645109
16,0.26177913059668234,0.4759354734420099,16,21.4,FlexiBO+GP-No Cost,BERT-SQuAD,0.2851853223023646,0.005693178043145156
17,0.3231830243227286,0.4254869509404894,17,21.4,FlexiBO+GP-No Cost,BERT-SQuAD,0.2851853223023646,0.009401519687318997
18,0.27376861566553795,0.5921889888050029,18,21.4,FlexiBO+GP-No Cost,BERT-SQuAD,0.2851853223023646,0.008947966143385085
19,0.20409895923682064,0.34963469312077033,19,21.4,FlexiBO+GP-No Cost,BERT-SQuAD,0.2851853223023646,0.007430326238427082
20,0.4603659084836936,0.14569328711268634,20,21.4,FlexiBO+GP-No Cost,BERT-SQuAD,0.2851853223023646,0.008187782699078388
21,0.21050920978543952,0.2631513364154231,21,21.4,FlexiBO+GP-No Cost,BERT-SQuAD,0.2851853223023646,0.007550119923862403
22,0.19263298433704604,0.17330317603811202,22,21.4,FlexiBO+GP-No Cost,BERT-SQuAD,0.28476415388798415,0.003330336040741754
23,0.5187035271936031,0.5716445010263778,23,21.4,FlexiBO+GP-No Cost,BERT-SQuAD,0.28476415388798415,0.004768065475122341
24,0.3678724198820414,0.5965816757042142,24,21.4,FlexiBO+GP-No Cost,BERT-SQuAD,0.28476415388798415,0.0019688974434659092
25,0.196793712894798,0.15769753966658098,25,21.4,FlexiBO+GP-No Cost,BERT-SQuAD,0.2844845006744334,0.009174296752407171
26,0.17615333958453713,0.5484466718070504,26,21.4,FlexiBO+GP-No Cost,BERT-SQuAD,0.2844845006744334,0.007094390693126252
27,0.406031048055992,0.17388086712784034,27,21.4,FlexiBO+GP-No Cost,BERT-SQuAD,0.2844845006744334,0.005386486340803651
28,0.2048209776719084,0.390061682661846,28,21.4,FlexiBO+GP-No Cost,BERT-SQuAD,0.2844845006744334,0.0013845649572966667
29,0.2829074377961008,0.17555033354424396,29,21.4,FlexiBO+GP-No Cost,BERT-SQuAD,0.2844845006744334,0.001256854624383863
30,0.32776277785033503,0.4665160781515717,30,21.4,FlexiBO+GP-No Cost,BERT-SQuAD,0.2844845006744334,0.005288221128305687
31,0.19397381798279004,0.4855287973870927,31,21.4,FlexiBO+GP-No Cost,BERT-SQuAD,0.2844845006744334,0.005191525021286444
32,0.3300510421725875,0.5918357493154187,32,21.4,FlexiBO+GP-No Cost,BERT-SQuAD,0.2844845006744334,0.005896135003765679
33,0.43272746710076704,0.21482688665153493,33,21.4,FlexiBO+GP-No Cost,BERT-SQuAD,0.2844845006744334,0.0016307768330670292
34,0.47014651353034204,0.521724621242999,34,21.4,FlexiBO+GP-No Cost,BERT-SQuAD,0.2844845006744334,0.005770221829571147
35,0.3548120623577418,0.2553712722057563,35,21.4,FlexiBO+GP-No Cost,BERT-SQuAD,0.2844845006744334,0.005670641463649342
36,0.21622163394103508,0.3732775408750096,36,21.4,FlexiBO+GP-No Cost,BERT-SQuAD,0.2844845006744334,0.009308083664554125
37,0.23495728612884956,0.25519553592505234,37,21.4,FlexiBO+GP-No Cost,BERT-SQuAD,0.2844845006744334,0.006221773637725702
38,0.5210251891620639,0.3891839438031307,38,21.4,FlexiBO+GP-No Cost,BERT-SQuAD,0.2844845006744334,0.0036223865846847325
39,0.16219187681275854,0.2917200166675078,39,21.4,FlexiBO+GP-No Cost,BERT-SQuAD,0.2809862266559835,0.0055950622079945205
40,0.2820755469615863,0.4225786583245182,40,21.4,FlexiBO+GP-No Cost,BERT-SQuAD,0.2809862266559835,0.002819777819493541
41,0.44618517843040856,0.1467502035698116,41,21.4,FlexiBO+GP-No Cost,BERT-SQuAD,0.2809862266559835,0.00683998812045738
42,0.5531899779348435,0.24904544440271226,42,21.4,FlexiBO+GP-No Cost,BERT-SQuAD,0.2809862266559835,0.0051672138531160105
43,0.5272985125601377,0.2427895994681428,43,21.4,FlexiBO+GP-No Cost,BERT-SQuAD,0.2809862266559835,0.006995852400578472
44,0.44629011259039497,0.433532990769844,44,21.4,FlexiBO+GP-No Cost,BERT-SQuAD,0.2809862266559835,0.00235768723314726
45,0.3828673974309151,0.3679734921056512,45,21.4,FlexiBO+GP-No Cost,BERT-SQuAD,0.2809862266559835,0.000971518956583245
46,0.3065907631651503,0.4231055047392813,46,21.4,FlexiBO+GP-No Cost,BERT-SQuAD,0.2809862266559835,0.0007643555287164183
47,0.4296136752953869,0.5138113418722668,47,21.4,FlexiBO+GP-No Cost,BERT-SQuAD,0.2809862266559835,0.004886647842168064
48,0.2526709119464749,0.14434493812598906,48,21.4,FlexiBO+GP-No Cost,BERT-SQuAD,0.2809862266559835,3.440719102959178e-05
49,0.3237562832262984,0.17216845237136744,49,21.4,FlexiBO+GP-No Cost,BERT-SQuAD,0.2809862266559835,0.006002662363594234
50,0.2693128389287911,0.144112533009271,50,21.4,FlexiBO+GP-No Cost,BERT-SQuAD,0.2809862266559835,0.005575755520569745
51,0.4526589003353225,0.2530391514072951,51,21.4,FlexiBO+GP-No Cost,BERT-SQuAD,0.2809862266559835,0.009296483471492608
52,0.4677431681814444,0.5415472092071321,52,21.4,FlexiBO+GP-No Cost,BERT-SQuAD,0.2809862266559835,0.007073431441249098
53,0.25505651455206124,0.4434617674859391,53,21.4,FlexiBO+GP-No Cost,BERT-SQuAD,0.2809862266559835,0.0022882157995252517
54,0.5472831531234446,0.265564688538251,54,21.4,FlexiBO+GP-No Cost,BERT-SQuAD,0.2809862266559835,0.0015387025395330234
55,0.254183573987055,0.5379913060475188,55,21.4,FlexiBO+GP-No Cost,BERT-SQuAD,0.2809862266559835,0.0007549161556818962
56,0.351700342873474,0.5869253049604111,56,21.4,FlexiBO+GP-No Cost,BERT-SQuAD,0.2809862266559835,0.0046375480465287505
57,0.2720039033083924,0.18460877317302396,57,21.4,FlexiBO+GP-No Cost,BERT-SQuAD,0.2809862266559835,0.0049012860226039
58,0.5056294511997345,0.16498159215922026,58,21.4,FlexiBO+GP-No Cost,BERT-SQuAD,0.2809862266559835,0.0002569768956304597
59,0.21991603115965053,0.2148204650471882,59,21.4,FlexiBO+GP-No Cost,BERT-SQuAD,0.2809862266559835,0.0069696462016339365
60,0.28054396545026106,0.3886148540839097,60,21.4,FlexiBO+GP-No Cost,BERT-SQuAD,0.2809862266559835,0.004165634113617974
61,0.2763407366445859,0.34456610771951546,61,21.4,FlexiBO+GP-No Cost,BERT-SQuAD,0.2809862266559835,0.005058621413627449
62,0.455646238479991,0.18086556240890206,62,21.4,FlexiBO+GP-No Cost,BERT-SQuAD,0.2809862266559835,0.0033447553030102385
63,0.2281508426328767,0.17783626244005846,63,21.4,FlexiBO+GP-No Cost,BERT-SQuAD,0.2809862266559835,0.003993766456389337
64,0.1961645637169536,0.5389630321990331,64,21.4,FlexiBO+GP-No Cost,BERT-SQuAD,0.2809862266559836,0.004453290385542596
65,0.4699039629305939,0.234519109057002,65,21.4,FlexiBO+GP-No Cost,BERT-SQuAD,0.2809862266559836,0.006008817413249886
66,0.4032936381304326,0.5471003174772724,66,21.4,FlexiBO+GP-No Cost,BERT-SQuAD,0.2809862266559836,0.002752711811322227
67,0.3092529230570589,0.4644132273820901,67,21.4,FlexiBO+GP-No Cost,BERT-SQuAD,0.2809862266559835,0.0068124682746120825
68,0.2808638247274229,0.3894969418158716,68,21.4,FlexiBO+GP-No Cost,BERT-SQuAD,0.2809862266559835,0.009530092937796612
69,0.26177430059271034,0.2189839588907051,69,21.4,FlexiBO+GP-No Cost,BERT-SQuAD,0.2809862266559835,0.0011170820356003431
70,0.21625196672388916,0.4511413299811974,70,21.4,FlexiBO+GP-No Cost,BERT-SQuAD,0.2809862266559836,0.0007572895331094642
71,0.2629014627269668,0.4204888950934028,71,21.4,FlexiBO+GP-No Cost,BERT-SQuAD,0.2809862266559837,0.005333353157562254
72,0.4049657720758326,0.15821933383485542,72,21.4,FlexiBO+GP-No Cost,BERT-SQuAD,0.2809862266559837,0.004736895351569565
73,0.3994618865946756,0.17941782235061166,73,21.4,FlexiBO+GP-No Cost,BERT-SQuAD,0.2809862266559837,0.00408397039522531
74,0.160077712567194,0.262337551814933,74,21.4,FlexiBO+GP-No Cost,BERT-SQuAD,0.27853225231082934,0.009540443381406888
75,0.32141735110937153,0.42862128145625,75,21.4,FlexiBO+GP-No Cost,BERT-SQuAD,0.27853225231082934,0.002433987458058813
76,0.3098188241118498,0.5171414303385216,76,21.4,FlexiBO+GP-No Cost,BERT-SQuAD,0.27853225231082934,0.006815012966707429
77,0.2841869240667566,0.4135715705058635,77,21.4,FlexiBO+GP-No Cost,BERT-SQuAD,0.27853225231082934,0.0012263043041923227
78,0.4428917562837548,0.5256917867984703,78,21.4,FlexiBO+GP-No Cost,BERT-SQuAD,0.27853225231082934,0.001953231403875244
79,0.3783107992079601,0.3037925848739148,79,21.4,FlexiBO+GP-No Cost,BERT-SQuAD,0.27853225231082934,0.0049033771205697066
80,0.4860342691697425,0.39950770737145735,80,21.4,FlexiBO+GP-No Cost,BERT-SQuAD,0.27853225231082934,0.005419683934044245
81,0.17333550589105026,0.5171276283085657,81,21.4,FlexiBO+GP-No Cost,BERT-SQuAD,0.27853225231082934,0.002534869297986849
82,0.21299507183290545,0.4346562457046689,82,21.4,FlexiBO+GP-No Cost,BERT-SQuAD,0.27853225231082934,0.00619812090950402
83,0.4610627671286212,0.3846034101001132,83,21.4,FlexiBO+GP-No Cost,BERT-SQuAD,0.27853225231082934,0.00235300907555799
84,0.1732719606866761,0.5736423387541467,84,21.4,FlexiBO+GP-No Cost,BERT-SQuAD,0.27853225231082934,0.0030009740817344833
85,0.2921921640754674,0.2692247244475776,85,21.4,FlexiBO+GP-No Cost,BERT-SQuAD,0.27853225231082934,0.004545797586650011
86,0.4078676667732112,0.3613895253171061,86,21.4,FlexiBO+GP-No Cost,BERT-SQuAD,0.27853225231082934,0.0032314629215862444
87,0.418269314559139,0.5162780764008625,87,21.4,FlexiBO+GP-No Cost,BERT-SQuAD,0.27853225231082934,0.004812737170962846
88,0.2710830047153329,0.588045422068927,88,21.4,FlexiBO+GP-No Cost,BERT-SQuAD,0.27853225231082934,0.005818341510312858
89,0.4364603284904353,0.4973239455695316,89,21.4,FlexiBO+GP-No Cost,BERT-SQuAD,0.27853225231082934,0.00013595606489438138
90,0.2478209422248948,0.2746457227875616,90,21.4,FlexiBO+GP-No Cost,BERT-SQuAD,0.27853225231082934,0.004810030553576301
91,0.3735762981074395,0.4483497359924503,91,21.4,FlexiBO+GP-No Cost,BERT-SQuAD,0.27853225231082934,0.00218969396626811
92,0.5033000533078538,0.21276269650327725,92,21.4,FlexiBO+GP-No Cost,BERT-SQuAD,0.27853225231082934,0.0022693677163055314
93,0.3360689293761853,0.5206211681903704,93,21.4,FlexiBO+GP-No Cost,BERT-SQuAD,0.27853225231082934,0.009879713789913555
94,0.2949441648704987,0.18874470712054076,94,21.4,FlexiBO+GP-No Cost,BERT-SQuAD,0.27853225231082934,0.002491935925492205
95,0.4722181627444381,0.5217923996631613,95,21.4,FlexiBO+GP-No Cost,BERT-SQuAD,0.27853225231082934,0.0019223049691340789
96,0.4677433310676327,0.2173049609375204,96,21.4,FlexiBO+GP-No Cost,BERT-SQuAD,0.27853225231082934,0.00022151324538573048
97,0.28690070202932605,0.15114812278363446,97,21.4,FlexiBO+GP-No Cost,BERT-SQuAD,0.27853225231082934,0.006886978344268545
98,0.2001234815808184,0.3097789271123169,98,21.4,FlexiBO+GP-No Cost,BERT-SQuAD,0.27853225231082934,0.0016728328075139166
99,0.5170703395041878,0.4646180881387959,99,21.4,FlexiBO+GP-No Cost,BERT-SQuAD,0.27853225231082934,0.005061514751970823
100,0.3876218009734903,0.14430800300428026,100,21.4,FlexiBO+GP-No Cost,BERT-SQuAD,0.27853225231082934,0.008996362277730964
101,0.5416398542179685,0.4736499388804248,101,21.4,FlexiBO+GP-No Cost,BERT-SQuAD,0.27853225231082934,0.002277667482412018
102,0.25998986959721576,0.4764458735582388,102,21.4,FlexiBO+GP-No Cost,BERT-SQuAD,0.27853225231082934,0.002773408699201867
103,0.19226065523694105,0.17723916114174898,103,21.4,FlexiBO+GP-No Cost,BERT-SQuAD,0.27850056770360965,0.0031453540587575725
104,0.19649939309664535,0.4387676351309765,104,21.4,FlexiBO+GP-No Cost,BERT-SQuAD,0.27850056770360965,0.002094301342707934
105,0.5077222140410957,0.2871727556246852,105,21.4,FlexiBO+GP-No Cost,BERT-SQuAD,0.27850056770360965,0.005356057493635764
106,0.35561775079440816,0.5270727044028402,106,21.4,FlexiBO+GP-No Cost,BERT-SQuAD,0.27850056770360965,0.006230623292092982
107,0.3391505882943191,0.33545089202924266,107,21.4,FlexiBO+GP-No Cost,BERT-SQuAD,0.27850056770360965,0.0038841286841345634
108,0.4319138716526823,0.4372913590458782,108,21.4,FlexiBO+GP-No Cost,BERT-SQuAD,0.27850056770360965,0.006632167821350927
109,0.2719101766680773,0.5893992942216066,109,21.4,FlexiBO+GP-No Cost,BERT-SQuAD,0.27850056770360965,0.004908497614248648
110,0.4580069563971376,0.34828612590569896,110,21.4,FlexiBO+GP-No Cost,BERT-SQuAD,0.27850056770360965,0.0031120634297767203
111,0.35076837956907114,0.26239079156116873,111,21.4,FlexiBO+GP-No Cost,BERT-SQuAD,0.27850056770360965,0.0009220503300158744
112,0.4151852786458647,0.5007395880578313,112,21.4,FlexiBO+GP-No Cost,BERT-SQuAD,0.27850056770360965,0.009810311839618948
113,0.3283138754227544,0.4371723005959221,113,21.4,FlexiBO+GP-No Cost,BERT-SQuAD,0.27850056770360965,0.008591410455548582
114,0.2561350692549695,0.3531325148865996,114,21.4,FlexiBO+GP-No Cost,BERT-SQuAD,0.27850056770360965,0.0028663821735183882
115,0.4579790689540815,0.2990767167194913,115,21.4,FlexiBO+GP-No Cost,BERT-SQuAD,0.27850056770360965,0.009329447803104178
116,0.20482559187092156,0.3688631595590487,116,21.4,FlexiBO+GP-No Cost,BERT-SQuAD,0.27850056770360965,0.0030862638635128924
117,0.5555874038334709,0.5706977568102991,117,21.4,FlexiBO+GP-No Cost,BERT-SQuAD,0.27850056770360965,0.0008946072057967136
118,0.1911807900603973,0.3611252039242327,118,21.4,FlexiBO+GP-No Cost,BERT-SQuAD,0.27850056770360965,0.004369428874375181
119,0.210637345813774,0.14033251437699698,119,21.4,FlexiBO+GP-No Cost,BERT-SQuAD,0.27830013953840327,0.00861600683967403
120,0.4521515787833324,0.2024558988814809,120,21.4,FlexiBO+GP-No Cost,BERT-SQuAD,0.27830013953840327,0.0007193551615652982
121,0.2782044065996373,0.407740802243521,121,21.4,FlexiBO+GP-No Cost,BERT-SQuAD,0.27830013953840327,0.002758647888924597
122,0.2638094657315335,0.23236684912694175,122,21.4,FlexiBO+GP-No Cost,BERT-SQuAD,0.27830013953840327,0.005360047727808798
123,0.2374038045367821,0.5023642155021173,123,21.4,FlexiBO+GP-No Cost,BERT-SQuAD,0.27830013953840327,0.005874658101952793
124,0.535390109486868,0.4026801982731519,124,21.4,FlexiBO+GP-No Cost,BERT-SQuAD,0.27830013953840327,0.005312458692724333
125,0.38072905078843344,0.3172305270269151,125,21.4,FlexiBO+GP-No Cost,BERT-SQuAD,0.27830013953840327,0.007175395759285899
126,0.402219369981514,0.2308712329028321,126,21.4,FlexiBO+GP-No Cost,BERT-SQuAD,0.27830013953840327,0.007321120628521308
127,0.25748432165756074,0.3789418424900604,127,21.4,FlexiBO+GP-No Cost,BERT-SQuAD,0.27830013953840327,0.0021876003684329647
128,0.3478552214050777,0.5508533676579329,128,21.4,FlexiBO+GP-No Cost,BERT-SQuAD,0.27830013953840327,0.005309070532479007
129,0.4627540597444324,0.4355827126297591,129,21.4,FlexiBO+GP-No Cost,BERT-SQuAD,0.27830013953840327,0.009621958905922353
130,0.2648396568554129,0.4271538755764346,130,21.4,FlexiBO+GP-No Cost,BERT-SQuAD,0.27830013953840327,0.0015362003107042953
131,0.3189122228012989,0.20693320860828215,131,21.4,FlexiBO+GP-No Cost,BERT-SQuAD,0.27830013953840327,0.005296644395988769
132,0.28998433076504304,0.26080572085232745,132,21.4,FlexiBO+GP-No Cost,BERT-SQuAD,0.27830013953840327,0.003220814916008027
133,0.29394843482480737,0.5360506384920041,133,21.4,FlexiBO+GP-No Cost,BERT-SQuAD,0.27830013953840327,0.002899345935063826
134,0.2149611127012439,0.5054564403943309,134,21.4,FlexiBO+GP-No Cost,BERT-SQuAD,0.27830013953840327,0.0003922768975297308
135,0.3509277697935933,0.14334484470451206,135,21.4,FlexiBO+GP-No Cost,BERT-SQuAD,0.27830013953840327,0.0019070453784643183
136,0.3562001362902357,0.3863693528701802,136,21.4,FlexiBO+GP-No Cost,BERT-SQuAD,0.27830013953840327,0.006370621741970063
137,0.16144083091781095,0.4516064938878868,137,21.4,FlexiBO+GP-No Cost,BERT-SQuAD,0.27830013953840327,0.004821426076919337
138,0.3632116690847316,0.41816477351555337,138,21.4,FlexiBO+GP-No Cost,BERT-SQuAD,0.27830013953840327,0.0057467876242601745
139,0.4274914558173419,0.5108918846081648,139,21.4,FlexiBO+GP-No Cost,BERT-SQuAD,0.27830013953840327,0.003955240194554374
140,0.20832951732997892,0.3565398470477297,140,21.4,FlexiBO+GP-No Cost,BERT-SQuAD,0.27830013953840327,0.008927293164924497
141,0.522696784892974,0.16044675932298685,141,21.4,FlexiBO+GP-No Cost,BERT-SQuAD,0.27830013953840327,0.0009313805666337794
142,0.17718769194261572,0.4694923497946554,142,21.4,FlexiBO+GP-No Cost,BERT-SQuAD,0.27830013953840327,0.006015645830246064
143,0.16580215650895966,0.4910243694840602,143,21.4,FlexiBO+GP-No Cost,BERT-SQuAD,0.27830013953840327,0.007105995803202476
144,0.2928180713156481,0.3576316236588789,144,21.4,FlexiBO+GP-No Cost,BERT-SQuAD,0.27830013953840327,0.005957735638307923
145,0.29418981028791524,0.2928459700755505,145,21.4,FlexiBO+GP-No Cost,BERT-SQuAD,0.27830013953840327,0.009431694768105056
146,0.3140834689320432,0.16331350760125887,146,21.4,FlexiBO+GP-No Cost,BERT-SQuAD,0.27830013953840327,0.00794465807456674
147,0.5076680237382101,0.15595060543818584,147,21.4,FlexiBO+GP-No Cost,BERT-SQuAD,0.27830013953840327,0.003712914418888046
148,0.18071848829693188,0.2600284282277581,148,21.4,FlexiBO+GP-No Cost,BERT-SQuAD,0.2782734872484749,0.0004775585482517975
149,0.4819629978573164,0.3657150834108571,149,21.4,FlexiBO+GP-No Cost,BERT-SQuAD,0.2782734872484749,0.004868529912826956
150,0.5465571753005598,0.5143210158331146,150,21.4,FlexiBO+GP-No Cost,BERT-SQuAD,0.2782734872484749,0.006478110499346001
151,0.5433222025070712,0.29717736870716904,151,21.4,FlexiBO+GP-No Cost,BERT-SQuAD,0.2782734872484749,0.00749116823703295
152,0.5182156949387442,0.4538380253629015,152,21.4,FlexiBO+GP-No Cost,BERT-SQuAD,0.2782734872484749,0.004504872055547809
153,0.3925921909841559,0.4173115356386147,153,21.4,FlexiBO+GP-No Cost,BERT-SQuAD,0.2782734872484749,0.004586248728352083
154,0.4644950283341385,0.5454476605973579,154,21.4,FlexiBO+GP-No Cost,BERT-SQuAD,0.2782734872484749,0.0003310156569345568
155,0.19230776779155576,0.2697206560034933,155,21.4,FlexiBO+GP-No Cost,BERT-SQuAD,0.2782734872484749,0.005390188948624904
156,0.32988150567195923,0.5326835464106845,156,21.4,FlexiBO+GP-No Cost,BERT-SQuAD,0.2782734872484749,0.00487180270533144
157,0.35240677550709293,0.2181282161735949,157,21.4,FlexiBO+GP-No Cost,BERT-SQuAD,0.2782734872484749,0.0029128404592096923
158,0.2302639194290489,0.4070077706900422,158,21.4,FlexiBO+GP-No Cost,BERT-SQuAD,0.2782734872484749,0.00921434427963447
159,0.40871380919139,0.5662414288214813,159,21.4,FlexiBO+GP-No Cost,BERT-SQuAD,0.2782734872484749,4.7988122106802366e-05
160,0.4164396243446696,0.5199948974272766,160,21.4,FlexiBO+GP-No Cost,BERT-SQuAD,0.2782734872484749,0.0038344197263718983
161,0.4006837649717152,0.5500617784443548,161,21.4,FlexiBO+GP-No Cost,BERT-SQuAD,0.2782734872484749,0.0034705585558854435
162,0.35429511379141554,0.3117300232035661,162,21.4,FlexiBO+GP-No Cost,BERT-SQuAD,0.2782734872484749,0.003024841056429555
163,0.41350600704504736,0.5015797917800748,163,21.4,FlexiBO+GP-No Cost,BERT-SQuAD,0.2782734872484749,0.00893485680679359
164,0.27450853391363306,0.5884739324065682,164,21.4,FlexiBO+GP-No Cost,BERT-SQuAD,0.2782734872484749,0.008872474230150548
165,0.21969909806375174,0.2831902648231669,165,21.4,FlexiBO+GP-No Cost,BERT-SQuAD,0.2782734872484749,0.007179012735726548
166,0.160525578896933,0.231744448368524,166,21.4,FlexiBO+GP-No Cost,BERT-SQuAD,0.2773292650650536,0.0074871760288043356
167,0.5373317901645289,0.5044374717284811,167,21.4,FlexiBO+GP-No Cost,BERT-SQuAD,0.27732926506505373,0.008776577789697057
168,0.383287971729272,0.18840577076064108,168,21.4,FlexiBO+GP-No Cost,BERT-SQuAD,0.27732926506505373,0.0003937379341938119
169,0.17734555093837975,0.2699976732012922,169,21.4,FlexiBO+GP-No Cost,BERT-SQuAD,0.27732926506505373,0.005039207236311531
170,0.4743609693256059,0.5663224994711479,170,21.4,FlexiBO+GP-No Cost,BERT-SQuAD,0.27732926506505373,0.006589344399325866
171,0.4659424891002632,0.3037110960800554,171,21.4,FlexiBO+GP-No Cost,BERT-SQuAD,0.27732926506505373,0.007997988916113075
172,0.2426619175761561,0.33220254242064545,172,21.4,FlexiBO+GP-No Cost,BERT-SQuAD,0.27732926506505373,0.0034072322534130727
173,0.4262431751249212,0.4802111109889248,173,21.4,FlexiBO+GP-No Cost,BERT-SQuAD,0.2773292650650536,0.0025569637961011483
174,0.172819297383472,0.228924263872577,174,21.4,FlexiBO+GP-No Cost,BERT-SQuAD,0.27727443684905506,0.007516604928242351
175,0.4866158071301944,0.2116892852203434,175,21.4,FlexiBO+GP-No Cost,BERT-SQuAD,0.27727443684905506,0.0032147247512605915
176,0.16579743680044426,0.3741509046950183,176,21.4,FlexiBO+GP-No Cost,BERT-SQuAD,0.27727443684905506,0.008556433952754018
177,0.3924222843537088,0.4823063580215324,177,21.4,FlexiBO+GP-No Cost,BERT-SQuAD,0.2772744368490552,0.009222658384048593
178,0.27586000336134925,0.15607124464440655,178,21.4,FlexiBO+GP-No Cost,BERT-SQuAD,0.2772744368490552,0.006821538983061169
179,0.3880347842218552,0.26143811700472225,179,21.4,FlexiBO+GP-No Cost,BERT-SQuAD,0.2772744368490553,0.00759976950620211
180,0.4478505959385316,0.2513566306151375,180,21.4,FlexiBO+GP-No Cost,BERT-SQuAD,0.2772744368490553,0.0039025357916089975
181,0.3870937347485883,0.5732010010041849,181,21.4,FlexiBO+GP-No Cost,BERT-SQuAD,0.2772744368490553,0.002431397650544415
182,0.2997608871151808,0.2404617433219479,182,21.4,FlexiBO+GP-No Cost,BERT-SQuAD,0.2772744368490553,0.00016269448099325292
183,0.26016102822098697,0.4893573124073099,183,21.4,FlexiBO+GP-No Cost,BERT-SQuAD,0.2772744368490552,0.00712665909735477
184,0.3129522197757105,0.36210608715185777,184,21.4,FlexiBO+GP-No Cost,BERT-SQuAD,0.2772744368490552,0.0031891614264163083
185,0.3519583438718885,0.371128118236471,185,21.4,FlexiBO+GP-No Cost,BERT-SQuAD,0.2772744368490552,0.0023841362105916607
186,0.21606321749952087,0.3720149995895515,186,21.4,FlexiBO+GP-No Cost,BERT-SQuAD,0.27727443684905506,0.009948930408213392
187,0.185408634425923,0.193927429475119,187,21.4,FlexiBO+GP-No Cost,BERT-SQuAD,0.2770346378114439,0.0010802006420982536
188,0.2519360233580727,0.23846059402252254,188,21.4,FlexiBO+GP-No Cost,BERT-SQuAD,0.2770346378114439,0.008110832302945773
189,0.33838243328020945,0.2409586058341688,189,21.4,FlexiBO+GP-No Cost,BERT-SQuAD,0.2770346378114439,0.007489384809459896
190,0.22856133921808625,0.22639108899795335,190,21.4,FlexiBO+GP-No Cost,BERT-SQuAD,0.2770346378114439,0.001166300310247378
191,0.3930013768796468,0.4399856204094795,191,21.4,FlexiBO+GP-No Cost,BERT-SQuAD,0.277034637811444,0.00865783772665227
192,0.5173167949862865,0.3107362352624284,192,21.4,FlexiBO+GP-No Cost,BERT-SQuAD,0.277034637811444,0.006048881564898246
193,0.182159199911228,0.209485925243524,193,21.4,FlexiBO+GP-No Cost,BERT-SQuAD,0.2769714742029944,0.008688622867204534
194,0.25947903515797593,0.28906318452950674,194,21.4,FlexiBO+GP-No Cost,BERT-SQuAD,0.2769714742029944,0.008011809805383737
195,0.23231037020638354,0.3324778380523277,195,21.4,FlexiBO+GP-No Cost,BERT-SQuAD,0.2769714742029944,0.008089167883586303
196,0.41892932673698,0.1653045174322107,196,21.4,FlexiBO+GP-No Cost,BERT-SQuAD,0.2769714742029944,0.008912517144004447
197,0.3579768950744036,0.424602216125353,197,21.4,FlexiBO+GP-No Cost,BERT-SQuAD,0.2769714742029944,0.005805643323994267
198,0.21355594625349034,0.15606998173310954,198,21.4,FlexiBO+GP-No Cost,BERT-SQuAD,0.2769714742029944,0.009071346481247024
199,0.26314733788552025,0.5654943228754314,199,21.4,FlexiBO+GP-No Cost,BERT-SQuAD,0.2769714742029945,0.007117529407834754
0,0.2379836293471023,0.3713466776445461,0,21.4,FlexiBO+RF-No Cost,BERT-SQuAD,0.5209558768998108,0.0008707196353580182
1,0.4493242777431528,0.5624291964611577,1,21.4,FlexiBO+RF-No Cost,BERT-SQuAD,0.5209558768998108,0.008635255351038377
2,0.2466774924015252,0.2915388929702908,2,21.4,FlexiBO+RF-No Cost,BERT-SQuAD,0.4608348764231217,0.008239988973754919
3,0.5137456505798443,0.2829786014261422,3,21.4,FlexiBO+RF-No Cost,BERT-SQuAD,0.4566723974274749,0.005064898606565825
4,0.461468341264541,0.4362064811783191,4,21.4,FlexiBO+RF-No Cost,BERT-SQuAD,0.4566723974274749,0.0014485414935716567
5,0.4426348337648255,0.2513354439460285,5,21.4,FlexiBO+RF-No Cost,BERT-SQuAD,0.43842687437448635,0.00012482220973330404
6,0.3695576448226297,0.4600119670588968,6,21.4,FlexiBO+RF-No Cost,BERT-SQuAD,0.43842687437448635,0.003031837219986483
7,0.31537246090828186,0.3386515810482502,7,21.4,FlexiBO+RF-No Cost,BERT-SQuAD,0.43842687437448635,0.0014414771775440904
8,0.3963667447975645,0.4022096328093693,8,21.4,FlexiBO+RF-No Cost,BERT-SQuAD,0.43842687437448635,0.006805400566491756
9,0.4663847076478728,0.2638260308191162,9,21.4,FlexiBO+RF-No Cost,BERT-SQuAD,0.43842687437448635,0.006672908390440473
10,0.425758286927198,0.5717019490854205,10,21.4,FlexiBO+RF-No Cost,BERT-SQuAD,0.43842687437448635,0.009077891740637388
11,0.5029984621841717,0.4295499660119895,11,21.4,FlexiBO+RF-No Cost,BERT-SQuAD,0.43842687437448635,0.002418036038094522
12,0.30215078965226283,0.21834095794146496,12,21.4,FlexiBO+RF-No Cost,BERT-SQuAD,0.40975375526417057,0.006280941624883915
13,0.5487581050653159,0.3707311481534944,13,21.4,FlexiBO+RF-No Cost,BERT-SQuAD,0.40975375526417057,0.009149162553391467
14,0.5507775946358461,0.5874688294346232,14,21.4,FlexiBO+RF-No Cost,BERT-SQuAD,0.40975375526417057,0.0037445549493932994
15,0.3077541613167437,0.3728966599227439,15,21.4,FlexiBO+RF-No Cost,BERT-SQuAD,0.4097537552641707,0.003845639079219022
16,0.242197637992194,0.24726503069795105,16,21.4,FlexiBO+RF-No Cost,BERT-SQuAD,0.40674187042870824,0.004529450570737189
17,0.3965395730200967,0.4923068017398867,17,21.4,FlexiBO+RF-No Cost,BERT-SQuAD,0.40674187042870813,0.000931770197813917
18,0.2165685741820576,0.35356143962394704,18,21.4,FlexiBO+RF-No Cost,BERT-SQuAD,0.3928234058506691,0.002971944768340458
19,0.27141129939028585,0.3754197408939883,19,21.4,FlexiBO+RF-No Cost,BERT-SQuAD,0.3928234058506691,0.0003751559015079387
20,0.253509321588407,0.217253958658456,20,21.4,FlexiBO+RF-No Cost,BERT-SQuAD,0.39060506165720155,0.003566859259833589
21,0.5335735390261948,0.5608732262888872,21,21.4,FlexiBO+RF-No Cost,BERT-SQuAD,0.39060506165720155,0.005689603928455677
22,0.3129556410213704,0.4629436671550521,22,21.4,FlexiBO+RF-No Cost,BERT-SQuAD,0.39060506165720155,0.009397480334534875
23,0.4835029144714117,0.5571111624536568,23,21.4,FlexiBO+RF-No Cost,BERT-SQuAD,0.39060506165720166,0.005827347246385565
24,0.28034892120283417,0.2225869888603052,24,21.4,FlexiBO+RF-No Cost,BERT-SQuAD,0.39060506165720166,0.005943869814376001
25,0.2343464232660599,0.31845596860526953,25,21.4,FlexiBO+RF-No Cost,BERT-SQuAD,0.39032944106617196,0.007523100643382783
26,0.326489802532604,0.4612520057997828,26,21.4,FlexiBO+RF-No Cost,BERT-SQuAD,0.39032944106617196,0.00020301370438387202
27,0.5542727810005521,0.3347120066004343,27,21.4,FlexiBO+RF-No Cost,BERT-SQuAD,0.39032944106617196,0.0003144670876116307
28,0.4003878865106485,0.5295116265853801,28,21.4,FlexiBO+RF-No Cost,BERT-SQuAD,0.39032944106617184,0.009281363364459928
29,0.545415626464812,0.2657801883586248,29,21.4,FlexiBO+RF-No Cost,BERT-SQuAD,0.39032944106617184,0.0022103887583679407
30,0.4139374335133281,0.5290159266767932,30,21.4,FlexiBO+RF-No Cost,BERT-SQuAD,0.39032944106617196,0.008152278624587464
31,0.4021350859556803,0.3631352538778904,31,21.4,FlexiBO+RF-No Cost,BERT-SQuAD,0.39032944106617196,0.00342108608841017
32,0.3628076834426912,0.4659340690688393,32,21.4,FlexiBO+RF-No Cost,BERT-SQuAD,0.39032944106617196,0.004697224486300032
33,0.4293808013255036,0.1741713267310741,33,21.4,FlexiBO+RF-No Cost,BERT-SQuAD,0.3657456641589809,0.0025605352481010567
34,0.40802011391774295,0.5488528133913199,34,21.4,FlexiBO+RF-No Cost,BERT-SQuAD,0.3657456641589809,0.0085720078501678
35,0.3465987698071667,0.4093220461361785,35,21.4,FlexiBO+RF-No Cost,BERT-SQuAD,0.3657456641589809,0.004097755688451204
36,0.5226033381231274,0.4731907656646029,36,21.4,FlexiBO+RF-No Cost,BERT-SQuAD,0.3657456641589809,0.00731520570665838
37,0.3515576211571665,0.3869390043987944,37,21.4,FlexiBO+RF-No Cost,BERT-SQuAD,0.3657456641589809,0.007764449203738508
38,0.3768098748786777,0.1930249951337279,38,21.4,FlexiBO+RF-No Cost,BERT-SQuAD,0.36447192509963955,0.008248366803509335
39,0.3181963259738193,0.5996983692533303,39,21.4,FlexiBO+RF-No Cost,BERT-SQuAD,0.36447192509963955,0.007843667794051504
40,0.2363628795569568,0.35846878832971873,40,21.4,FlexiBO+RF-No Cost,BERT-SQuAD,0.36447192509963955,0.009482860279532547
41,0.36386064331433776,0.3377734893455244,41,21.4,FlexiBO+RF-No Cost,BERT-SQuAD,0.36447192509963955,0.0074185700065975855
42,0.3994363233055137,0.5910779732885277,42,21.4,FlexiBO+RF-No Cost,BERT-SQuAD,0.36447192509963955,0.005195202405280109
43,0.486029035753569,0.3437197206562331,43,21.4,FlexiBO+RF-No Cost,BERT-SQuAD,0.36447192509963955,0.003318484685830123
44,0.220587105393906,0.29412624174135404,44,21.4,FlexiBO+RF-No Cost,BERT-SQuAD,0.36346311940934184,0.009292068247832611
45,0.33677452812583497,0.34312309654523704,45,21.4,FlexiBO+RF-No Cost,BERT-SQuAD,0.36346311940934184,0.008631284999226937
46,0.4148127735038441,0.28491504179054555,46,21.4,FlexiBO+RF-No Cost,BERT-SQuAD,0.36346311940934184,0.007637294092007002
47,0.4950692191442933,0.5518031802607718,47,21.4,FlexiBO+RF-No Cost,BERT-SQuAD,0.36346311940934184,0.0016926984695614712
48,0.5544326408625841,0.39312909447173305,48,21.4,FlexiBO+RF-No Cost,BERT-SQuAD,0.36346311940934184,0.003912320710129928
49,0.3787913183948584,0.4592869907752805,49,21.4,FlexiBO+RF-No Cost,BERT-SQuAD,0.36346311940934184,0.0036081997974065807
50,0.39139288840319214,0.4751591805300748,50,21.4,FlexiBO+RF-No Cost,BERT-SQuAD,0.36346311940934184,0.004269021188686244
51,0.3835910721986956,0.3452130339719093,51,21.4,FlexiBO+RF-No Cost,BERT-SQuAD,0.36346311940934184,0.009757464907876745
52,0.22258061710421995,0.4928727061219818,52,21.4,FlexiBO+RF-No Cost,BERT-SQuAD,0.36346311940934184,0.000101308735313419
53,0.4814767219079168,0.3401943065405109,53,21.4,FlexiBO+RF-No Cost,BERT-SQuAD,0.36346311940934184,0.005277310580848379
54,0.3364237089411195,0.3699273566914426,54,21.4,FlexiBO+RF-No Cost,BERT-SQuAD,0.36346311940934184,0.007182873091182558
55,0.4768212153720952,0.17591725303624128,55,21.4,FlexiBO+RF-No Cost,BERT-SQuAD,0.36346311940934184,0.008320558124652658
56,0.452066451646426,0.4111580752508914,56,21.4,FlexiBO+RF-No Cost,BERT-SQuAD,0.36346311940934184,0.00628126234774004
57,0.20744243937544304,0.5180124795634132,57,21.4,FlexiBO+RF-No Cost,BERT-SQuAD,0.35906443632273155,0.0021470976405070976
58,0.3407256259349947,0.5083012657726068,58,21.4,FlexiBO+RF-No Cost,BERT-SQuAD,0.35906443632273155,0.005551965829356094
59,0.3621429059923525,0.5649646045406793,59,21.4,FlexiBO+RF-No Cost,BERT-SQuAD,0.35906443632273155,0.0046327700264924936
60,0.5367714713836549,0.3144792208474884,60,21.4,FlexiBO+RF-No Cost,BERT-SQuAD,0.35906443632273155,0.00833294251131428
61,0.3777221014459856,0.44191867824111697,61,21.4,FlexiBO+RF-No Cost,BERT-SQuAD,0.35906443632273155,0.009806847659433151
62,0.29969402752243424,0.42590004958018857,62,21.4,FlexiBO+RF-No Cost,BERT-SQuAD,0.35906443632273155,0.004647869828777386
63,0.3617762252017772,0.5219984800064393,63,21.4,FlexiBO+RF-No Cost,BERT-SQuAD,0.35906443632273155,0.0052593294486023845
64,0.415256151674959,0.32577496907703385,64,21.4,FlexiBO+RF-No Cost,BERT-SQuAD,0.35906443632273155,0.0035192205065429317
65,0.3628340632428807,0.5837565453977697,65,21.4,FlexiBO+RF-No Cost,BERT-SQuAD,0.35906443632273155,0.0053769633496623
66,0.294390192452749,0.19130659912974896,66,21.4,FlexiBO+RF-No Cost,BERT-SQuAD,0.35683552552065234,0.004934255752426389
67,0.3841419697970905,0.1900100611866452,67,21.4,FlexiBO+RF-No Cost,BERT-SQuAD,0.3567768716590741,0.003797387835496038
68,0.3910305190547686,0.3454171672506261,68,21.4,FlexiBO+RF-No Cost,BERT-SQuAD,0.3567768716590741,0.009607817219023365
69,0.4451923267148015,0.4490723573806451,69,21.4,FlexiBO+RF-No Cost,BERT-SQuAD,0.3567768716590741,0.0017827496933256338
70,0.20563914330949573,0.4705275485629686,70,21.4,FlexiBO+RF-No Cost,BERT-SQuAD,0.3553887221887775,0.004606773530795365
71,0.2689797411692407,0.2354543917744608,71,21.4,FlexiBO+RF-No Cost,BERT-SQuAD,0.3553887221887775,0.002427704283523866
72,0.2093914468786164,0.5259775473171724,72,21.4,FlexiBO+RF-No Cost,BERT-SQuAD,0.3553887221887775,0.009877221357174228
73,0.3887376761341227,0.2822396266917048,73,21.4,FlexiBO+RF-No Cost,BERT-SQuAD,0.3553887221887775,0.009098194492224458
74,0.2684523015781137,0.5319380827920365,74,21.4,FlexiBO+RF-No Cost,BERT-SQuAD,0.3553887221887775,0.000967830045874496
75,0.3796645613820031,0.4900971689098354,75,21.4,FlexiBO+RF-No Cost,BERT-SQuAD,0.3553887221887775,0.004727903089793133
76,0.5159994497405254,0.5221469735497541,76,21.4,FlexiBO+RF-No Cost,BERT-SQuAD,0.3553887221887775,0.0004183893904950542
77,0.4485252346370625,0.5995530490346447,77,21.4,FlexiBO+RF-No Cost,BERT-SQuAD,0.3553887221887775,0.0015999824090315075
78,0.289030450188556,0.210151029799858,78,21.4,FlexiBO+RF-No Cost,BERT-SQuAD,0.35535065232077445,0.00269052087240377
79,0.3037176562235608,0.3902098169478127,79,21.4,FlexiBO+RF-No Cost,BERT-SQuAD,0.35535065232077445,0.008586278000983043
80,0.20699224679364345,0.527619824782511,80,21.4,FlexiBO+RF-No Cost,BERT-SQuAD,0.35535065232077456,0.0009439149293422377
81,0.489295831919517,0.17147594685084433,81,21.4,FlexiBO+RF-No Cost,BERT-SQuAD,0.35397411058138095,0.0059671911928066935
82,0.4598268374742765,0.5717117590796081,82,21.4,FlexiBO+RF-No Cost,BERT-SQuAD,0.35397411058138095,0.00472679455595005
83,0.3158239150198152,0.4756610263412475,83,21.4,FlexiBO+RF-No Cost,BERT-SQuAD,0.35397411058138095,0.007486579578575585
84,0.23913385504195456,0.5263099397065735,84,21.4,FlexiBO+RF-No Cost,BERT-SQuAD,0.35397411058138095,0.0036527938796276395
85,0.2534486655180982,0.5356899044479377,85,21.4,FlexiBO+RF-No Cost,BERT-SQuAD,0.35397411058138095,0.002286490562360617
86,0.3472646545951488,0.5557563646332497,86,21.4,FlexiBO+RF-No Cost,BERT-SQuAD,0.35397411058138095,0.0008436904431223458
87,0.4443830840610987,0.4337485462443503,87,21.4,FlexiBO+RF-No Cost,BERT-SQuAD,0.35397411058138095,0.008403116955077911
88,0.3296697104637091,0.26549696733142825,88,21.4,FlexiBO+RF-No Cost,BERT-SQuAD,0.35397411058138095,0.004154743049602912
89,0.2753565113556462,0.2570578471739595,89,21.4,FlexiBO+RF-No Cost,BERT-SQuAD,0.35397411058138095,0.009457237708089192
90,0.3527497776506385,0.2566653202649349,90,21.4,FlexiBO+RF-No Cost,BERT-SQuAD,0.35397411058138095,0.004433206753703704
91,0.3704649251343922,0.19266191108817465,91,21.4,FlexiBO+RF-No Cost,BERT-SQuAD,0.35397411058138095,0.00602892533236612
92,0.43007811077813374,0.3107000411897125,92,21.4,FlexiBO+RF-No Cost,BERT-SQuAD,0.35397411058138095,0.0055374449095067805
93,0.2458219631966589,0.2542387400218509,93,21.4,FlexiBO+RF-No Cost,BERT-SQuAD,0.35397411058138095,0.00024877405952612454
94,0.278465220494617,0.245964563521346,94,21.4,FlexiBO+RF-No Cost,BERT-SQuAD,0.35397411058138095,0.002252279906947965
95,0.402495928458403,0.18607181972471015,95,21.4,FlexiBO+RF-No Cost,BERT-SQuAD,0.35386823146035684,0.003907751150499604
96,0.4852378414878248,0.4321712935746784,96,21.4,FlexiBO+RF-No Cost,BERT-SQuAD,0.35386823146035684,0.007432838978791053
97,0.3202959919485203,0.4649752710291461,97,21.4,FlexiBO+RF-No Cost,BERT-SQuAD,0.35386823146035684,0.0034554115970315182
98,0.4892254742464842,0.25067915645234146,98,21.4,FlexiBO+RF-No Cost,BERT-SQuAD,0.35386823146035684,0.007870507229238682
99,0.2548152207591605,0.5475722303476234,99,21.4,FlexiBO+RF-No Cost,BERT-SQuAD,0.35386823146035684,0.00873560393262996
100,0.5323707931747177,0.3609181053400256,100,21.4,FlexiBO+RF-No Cost,BERT-SQuAD,0.35386823146035673,0.005793079147536077
101,0.2689333352614306,0.35471425233304044,101,21.4,FlexiBO+RF-No Cost,BERT-SQuAD,0.35386823146035673,0.0016702272461251867
102,0.5434067791182058,0.27511554667032107,102,21.4,FlexiBO+RF-No Cost,BERT-SQuAD,0.35386823146035673,0.008851808543717917
103,0.3410381081464674,0.4053545218004985,103,21.4,FlexiBO+RF-No Cost,BERT-SQuAD,0.35386823146035673,0.00011940627242393976
104,0.2121098989564411,0.459610266459516,104,21.4,FlexiBO+RF-No Cost,BERT-SQuAD,0.3538195548451111,0.007529061956390121
105,0.3048051315656887,0.224530039462349,105,21.4,FlexiBO+RF-No Cost,BERT-SQuAD,0.3538195548451111,0.006614123148025567
106,0.4109624160980228,0.3972273193597009,106,21.4,FlexiBO+RF-No Cost,BERT-SQuAD,0.3538195548451111,0.009232121319142283
107,0.4363743726738,0.4371718408836207,107,21.4,FlexiBO+RF-No Cost,BERT-SQuAD,0.3538195548451111,0.009814724917289129
108,0.41958282563088295,0.292078668788198,108,21.4,FlexiBO+RF-No Cost,BERT-SQuAD,0.3538195548451111,0.003596781999452072
109,0.5060523267362256,0.22892979831267185,109,21.4,FlexiBO+RF-No Cost,BERT-SQuAD,0.3538195548451111,0.004587083402925059
110,0.3577333016159749,0.2767449970663746,110,21.4,FlexiBO+RF-No Cost,BERT-SQuAD,0.3538195548451111,0.008021107980929048
111,0.36163557566947296,0.4452450306804139,111,21.4,FlexiBO+RF-No Cost,BERT-SQuAD,0.3538195548451111,0.001750533245035788
112,0.2879147381409081,0.5997131964525984,112,21.4,FlexiBO+RF-No Cost,BERT-SQuAD,0.3538195548451111,0.00899737806300397
113,0.2766115329880348,0.4837845821645724,113,21.4,FlexiBO+RF-No Cost,BERT-SQuAD,0.3538195548451111,0.004099432466736191
114,0.4788921945732242,0.41051117980772267,114,21.4,FlexiBO+RF-No Cost,BERT-SQuAD,0.3538195548451111,0.007442635465041411
115,0.32045163610843297,0.16843074941774305,115,21.4,FlexiBO+RF-No Cost,BERT-SQuAD,0.349593098727885,0.007155597124512006
116,0.301110923382493,0.18293628542792495,116,21.4,FlexiBO+RF-No Cost,BERT-SQuAD,0.34943121089515206,0.009256109895928148
117,0.4472054969724332,0.3965765097320455,117,21.4,FlexiBO+RF-No Cost,BERT-SQuAD,0.34943121089515206,0.006188063428109085
118,0.5339288168736818,0.3868158857738282,118,21.4,FlexiBO+RF-No Cost,BERT-SQuAD,0.34943121089515206,0.006514081776965018
119,0.4949680114642683,0.4478981545477715,119,21.4,FlexiBO+RF-No Cost,BERT-SQuAD,0.34943121089515206,0.002838683455912043
120,0.4196446279262634,0.23396626970653625,120,21.4,FlexiBO+RF-No Cost,BERT-SQuAD,0.34943121089515206,0.008952340535052243
121,0.35704995950945706,0.4244260597191672,121,21.4,FlexiBO+RF-No Cost,BERT-SQuAD,0.34943121089515206,0.006063259017204017
122,0.20357512681251666,0.366671711669828,122,21.4,FlexiBO+RF-No Cost,BERT-SQuAD,0.3470376022852453,0.008023930707107076
123,0.27359195174821593,0.2890483428286311,123,21.4,FlexiBO+RF-No Cost,BERT-SQuAD,0.3470376022852453,0.0005074641268272473
124,0.197427562733768,0.323880085624511,124,21.4,FlexiBO+RF-No Cost,BERT-SQuAD,0.3422058255983703,0.005812232023832374
125,0.4645490805696633,0.23034277849584625,125,21.4,FlexiBO+RF-No Cost,BERT-SQuAD,0.3422058255983703,0.005844455999662037
126,0.5552255589270081,0.2699330599195437,126,21.4,FlexiBO+RF-No Cost,BERT-SQuAD,0.3422058255983703,0.004728701157173229
127,0.20303589287729154,0.4363877062699143,127,21.4,FlexiBO+RF-No Cost,BERT-SQuAD,0.3422058255983703,0.007125927469683404
128,0.4383071568414156,0.4573469293337791,128,21.4,FlexiBO+RF-No Cost,BERT-SQuAD,0.3422058255983703,0.005249049092876929
129,0.2942075514985521,0.25862902615483624,129,21.4,FlexiBO+RF-No Cost,BERT-SQuAD,0.3422058255983703,0.004918305558594736
130,0.4465495027317336,0.4514725684082935,130,21.4,FlexiBO+RF-No Cost,BERT-SQuAD,0.3422058255983703,0.0038076358133701015
131,0.4364056277169303,0.4225090028413953,131,21.4,FlexiBO+RF-No Cost,BERT-SQuAD,0.3422058255983703,0.005714810585319628
132,0.5509462794915853,0.3647623506257681,132,21.4,FlexiBO+RF-No Cost,BERT-SQuAD,0.3422058255983703,0.006047919897967979
133,0.4482644384162646,0.40824125880313106,133,21.4,FlexiBO+RF-No Cost,BERT-SQuAD,0.34220582559837043,0.001118487759071457
134,0.3460401426121369,0.22831391116576255,134,21.4,FlexiBO+RF-No Cost,BERT-SQuAD,0.34220582559837043,0.0008679930445097084
135,0.21404755696650665,0.5784432574295916,135,21.4,FlexiBO+RF-No Cost,BERT-SQuAD,0.34220582559837043,0.009479172321711396
136,0.3327094494486697,0.38799895280696906,136,21.4,FlexiBO+RF-No Cost,BERT-SQuAD,0.34220582559837043,0.002474730100001291
137,0.5234551012666335,0.3035672083089933,137,21.4,FlexiBO+RF-No Cost,BERT-SQuAD,0.34220582559837043,0.007318640996235331
138,0.317475470081109,0.179377646126347,138,21.4,FlexiBO+RF-No Cost,BERT-SQuAD,0.34219523449697764,0.0064902136867763015
139,0.3420400802724587,0.5209541109621261,139,21.4,FlexiBO+RF-No Cost,BERT-SQuAD,0.34219523449697764,0.007427127404863227
140,0.5473984329751158,0.4883442976071293,140,21.4,FlexiBO+RF-No Cost,BERT-SQuAD,0.34219523449697764,0.006901763101745416
141,0.5452428201346706,0.4637422648595316,141,21.4,FlexiBO+RF-No Cost,BERT-SQuAD,0.34219523449697764,0.006204889363441999
142,0.3727283985295299,0.27961004766197906,142,21.4,FlexiBO+RF-No Cost,BERT-SQuAD,0.34219523449697764,0.007447368426663521
143,0.3712059136546185,0.4187928795008461,143,21.4,FlexiBO+RF-No Cost,BERT-SQuAD,0.34219523449697764,0.005374731667572577
144,0.3606833689808737,0.5710170013804485,144,21.4,FlexiBO+RF-No Cost,BERT-SQuAD,0.34219523449697764,0.0011471488797276208
145,0.2192059179993927,0.4308893252417301,145,21.4,FlexiBO+RF-No Cost,BERT-SQuAD,0.34219523449697764,0.0032484192709192838
146,0.2936222596902109,0.3709797013527101,146,21.4,FlexiBO+RF-No Cost,BERT-SQuAD,0.34219523449697764,0.006341933401325009
147,0.22129660216127214,0.5401287497310011,147,21.4,FlexiBO+RF-No Cost,BERT-SQuAD,0.34219523449697764,0.004453144392078855
148,0.2732450691385795,0.3118950773509107,148,21.4,FlexiBO+RF-No Cost,BERT-SQuAD,0.34219523449697764,0.005054370442666324
149,0.28595681143407325,0.4952674947069471,149,21.4,FlexiBO+RF-No Cost,BERT-SQuAD,0.34219523449697764,0.009273451307500041
150,0.2630591104632308,0.5609721073099365,150,21.4,FlexiBO+RF-No Cost,BERT-SQuAD,0.34219523449697764,0.006691308919244345
151,0.3157442701684893,0.3545752512898869,151,21.4,FlexiBO+RF-No Cost,BERT-SQuAD,0.34219523449697764,0.007250530608612574
152,0.5385099968069761,0.461681385750495,152,21.4,FlexiBO+RF-No Cost,BERT-SQuAD,0.34219523449697764,0.008186018237652115
153,0.19846660014497644,0.3987713533265176,153,21.4,FlexiBO+RF-No Cost,BERT-SQuAD,0.34219523449697764,0.008444037089383722
154,0.41913906796973793,0.2582758127766619,154,21.4,FlexiBO+RF-No Cost,BERT-SQuAD,0.34219523449697764,0.002198588054660261
155,0.28802500452563035,0.5468017435079935,155,21.4,FlexiBO+RF-No Cost,BERT-SQuAD,0.34219523449697764,0.0033317865893005773
156,0.3879659252245695,0.4135909891235906,156,21.4,FlexiBO+RF-No Cost,BERT-SQuAD,0.34219523449697764,0.006632157667988561
157,0.25982314642928983,0.22325362750584574,157,21.4,FlexiBO+RF-No Cost,BERT-SQuAD,0.34219523449697764,0.00983588145425795
158,0.3919994063890973,0.22794271808299746,158,21.4,FlexiBO+RF-No Cost,BERT-SQuAD,0.34219523449697764,0.0009504659896743284
159,0.25154460284079205,0.5494951893489111,159,21.4,FlexiBO+RF-No Cost,BERT-SQuAD,0.34219523449697764,0.0027594810928893952
160,0.4927436006711148,0.30444740004047,160,21.4,FlexiBO+RF-No Cost,BERT-SQuAD,0.34219523449697764,0.005675679941594882
161,0.4912400425933901,0.404189317648646,161,21.4,FlexiBO+RF-No Cost,BERT-SQuAD,0.34219523449697764,0.007394745934737679
162,0.4421565615494285,0.268008004876053,162,21.4,FlexiBO+RF-No Cost,BERT-SQuAD,0.34219523449697764,0.0020224893914289246
163,0.4170148110159251,0.2622557788777344,163,21.4,FlexiBO+RF-No Cost,BERT-SQuAD,0.34219523449697764,0.008425115542460301
164,0.2718805331874705,0.5697711023166728,164,21.4,FlexiBO+RF-No Cost,BERT-SQuAD,0.34219523449697764,0.004233899668668197
165,0.4803810306339471,0.40156880114117205,165,21.4,FlexiBO+RF-No Cost,BERT-SQuAD,0.34219523449697764,0.00947182998493924
166,0.314065572676151,0.4570862702350408,166,21.4,FlexiBO+RF-No Cost,BERT-SQuAD,0.34219523449697764,0.006495107655874
167,0.216852947626522,0.5078977408924756,167,21.4,FlexiBO+RF-No Cost,BERT-SQuAD,0.34219523449697764,0.0026718183908982195
168,0.5467590670698632,0.3540821676592508,168,21.4,FlexiBO+RF-No Cost,BERT-SQuAD,0.34219523449697764,0.0035969800865078005
169,0.31064874275609,0.2895784683276966,169,21.4,FlexiBO+RF-No Cost,BERT-SQuAD,0.34219523449697764,0.004280584558975965
170,0.22562019493602026,0.3181718746160589,170,21.4,FlexiBO+RF-No Cost,BERT-SQuAD,0.34219523449697764,0.0031275553416624524
171,0.4121423472256315,0.4616626826570359,171,21.4,FlexiBO+RF-No Cost,BERT-SQuAD,0.34219523449697764,0.00849447654624822
172,0.5440830966414247,0.2018908341546293,172,21.4,FlexiBO+RF-No Cost,BERT-SQuAD,0.34219523449697764,0.0040030519262773566
173,0.3542364141838792,0.3190058388449674,173,21.4,FlexiBO+RF-No Cost,BERT-SQuAD,0.34219523449697764,0.002007165524707295
174,0.3774454806826775,0.4241214063636976,174,21.4,FlexiBO+RF-No Cost,BERT-SQuAD,0.34219523449697764,0.0023082862249059854
175,0.3883466178157097,0.23600765914745114,175,21.4,FlexiBO+RF-No Cost,BERT-SQuAD,0.34219523449697764,0.008311707083859475
176,0.4339088005563185,0.3076629125010218,176,21.4,FlexiBO+RF-No Cost,BERT-SQuAD,0.34219523449697764,0.0025613854528296854
177,0.508722830088389,0.19244733196750027,177,21.4,FlexiBO+RF-No Cost,BERT-SQuAD,0.34219523449697764,0.006919495022459459
178,0.237327499780315,0.282478900112235,178,21.4,FlexiBO+RF-No Cost,BERT-SQuAD,0.3421385103334429,0.007254818446510415
179,0.4618578346568578,0.3766636336506297,179,21.4,FlexiBO+RF-No Cost,BERT-SQuAD,0.3421385103334429,0.0003438682495153933
180,0.5409351265497163,0.5979304142375239,180,21.4,FlexiBO+RF-No Cost,BERT-SQuAD,0.3421385103334428,0.004931387716552117
181,0.3866052103852581,0.5208812787369024,181,21.4,FlexiBO+RF-No Cost,BERT-SQuAD,0.3421385103334428,0.009729705643730976
182,0.3866744461100264,0.5837148276554395,182,21.4,FlexiBO+RF-No Cost,BERT-SQuAD,0.3421385103334428,0.0059706777759089315
183,0.2683303323733156,0.4140023042882369,183,21.4,FlexiBO+RF-No Cost,BERT-SQuAD,0.3421385103334428,0.001407719447178939
184,0.5497432851713031,0.30691514890086924,184,21.4,FlexiBO+RF-No Cost,BERT-SQuAD,0.3421385103334428,0.002005191843438713
185,0.31803672937822997,0.5949988935512496,185,21.4,FlexiBO+RF-No Cost,BERT-SQuAD,0.3421385103334429,0.004721695474913404
186,0.5086591808753136,0.49571574780588895,186,21.4,FlexiBO+RF-No Cost,BERT-SQuAD,0.3421385103334429,0.006225350861713779
187,0.31909514171483194,0.174325256524847,187,21.4,FlexiBO+RF-No Cost,BERT-SQuAD,0.34213165679527413,0.0015995568792984505
188,0.3231835839867969,0.36385789628465903,188,21.4,FlexiBO+RF-No Cost,BERT-SQuAD,0.34213165679527413,0.000520785968586257
189,0.3337760894663052,0.5652969070589721,189,21.4,FlexiBO+RF-No Cost,BERT-SQuAD,0.34213165679527413,0.00457160732672802
190,0.3852260632599893,0.3879394416184255,190,21.4,FlexiBO+RF-No Cost,BERT-SQuAD,0.34213165679527413,0.00436348703900215
191,0.3288082356585945,0.2744604995809808,191,21.4,FlexiBO+RF-No Cost,BERT-SQuAD,0.34213165679527413,0.009114924530637438
192,0.5575538951786128,0.5073832078029762,192,21.4,FlexiBO+RF-No Cost,BERT-SQuAD,0.34213165679527413,0.0028357803229724678
193,0.2770067555070922,0.4754581340764937,193,21.4,FlexiBO+RF-No Cost,BERT-SQuAD,0.34213165679527413,0.0004479699932868797
194,0.4997094184720522,0.3184669975884035,194,21.4,FlexiBO+RF-No Cost,BERT-SQuAD,0.34213165679527413,0.003285925213986638
195,0.2927527080115203,0.4193287762312257,195,21.4,FlexiBO+RF-No Cost,BERT-SQuAD,0.34213165679527413,0.0076952868500414105
196,0.5593114761737304,0.5753647313353368,196,21.4,FlexiBO+RF-No Cost,BERT-SQuAD,0.34213165679527413,0.006608489808848038
197,0.4593138869124649,0.24876630408426376,197,21.4,FlexiBO+RF-No Cost,BERT-SQuAD,0.34213165679527413,0.00033352228283932693
198,0.5443087541180907,0.34855670076442896,198,21.4,FlexiBO+RF-No Cost,BERT-SQuAD,0.34213165679527413,0.0028613205944766173
199,0.5436392868787763,0.2965058137385859,199,21.4,FlexiBO+RF-No Cost,BERT-SQuAD,0.34213165679527413,0.001664123961520929
